0 0.5007812500000001 0.5005208333333333 0.99375 0.9989583333333333
0 0.15234375 0.5140625 0.035937500000000004 0.021875
0 0.30507812500000003 0.19479166666666667 0.032031250000000004 0.025
0 0.4421875 0.0140625 0.026562500000000003 0.021875
0 0.431640625 0.1015625 0.02734375 0.030208333333333334
0 0.40234375 0.2046875 0.029687500000000002 0.026041666666666668
0 0.43789062500000003 0.19114583333333332 0.032031250000000004 0.021875
0 0.3984375 0.29322916666666665 0.0234375 0.026041666666666668
0 0.44453125000000004 0.3619791666666667 0.021875000000000002 0.03854166666666667
0 0.45742187500000003 0.43697916666666664 0.02734375 0.040625
0 0.495703125 0.35520833333333335 0.030468750000000003 0.022916666666666665
0 0.51875 0.3328125 0.021875000000000002 0.03229166666666666
0 0.491015625 0.384375 0.01953125 0.029166666666666667
0 0.528515625 0.475 0.02109375 0.03958333333333333
0 0.434375 0.48802083333333335 0.021875000000000002 0.03854166666666667
0 0.435546875 0.56875 0.022656250000000003 0.03958333333333333
0 0.52109375 0.771875 0.026562500000000003 0.027083333333333334
