0 0.574609375 0.8260416666666667 0.6492187500000001 1.1479166666666667
0 0.7578125 1.2213541666666667 0.018750000000000003 0.042708333333333334
0 0.47421875 1.2052083333333332 0.0171875 0.0375
0 0.287890625 1.1369791666666667 0.014843750000000001 0.03229166666666666
0 0.35000000000000003 1.1057291666666667 0.0203125 0.03229166666666666
0 0.431640625 1.0875 0.017968750000000002 0.035416666666666666
0 0.405078125 1.0536458333333334 0.01640625 0.03854166666666667
0 0.491015625 1.0484375 0.017968750000000002 0.028125
0 0.512890625 0.9604166666666667 0.025781250000000002 0.027083333333333334
0 0.555078125 0.9078125 0.02734375 0.03229166666666666
0 0.48281250000000003 0.9046875 0.015625 0.036458333333333336
0 0.45703125 0.8890625 0.021875000000000002 0.026041666666666668
0 0.504296875 0.8953125 0.01953125 0.02395833333333333
0 0.54453125 0.8067708333333333 0.026562500000000003 0.026041666666666668
0 0.599609375 0.9088541666666666 0.025781250000000002 0.026041666666666668
0 0.6515625 0.8677083333333333 0.026562500000000003 0.027083333333333334
0 0.7406250000000001 0.6671875 0.018750000000000003 0.03229166666666666
