0 0.658203125 0.83203125 0.13671875 0.2109375
0 0.158203125 0.955078125 0.14453125 0.08984375
0 0.2109375 0.771484375 0.171875 0.26171875
0 0.357421875 0.8984375 0.12890625 0.203125
0 0.37109375 0.7578125 0.1328125 0.2109375
0 0.388671875 0.658203125 0.17578125 0.29296875
0 0.4453125 0.564453125 0.1484375 0.21484375
0 0.6171875 0.6484375 0.1015625 0.0703125
0 0.703125 0.609375 0.03125 0.0390625
0 0.623046875 0.48046875 0.18359375 0.21875
0 0.74609375 0.392578125 0.046875 0.07421875
0 0.447265625 0.28125 0.30078125 0.25
