0 1.05078125 0.712890625 0.1875 0.12109375
0 0.90625 1.205078125 0.078125 0.12890625
0 0.775390625 1.068359375 0.23046875 0.15234375
0 0.95703125 1.005859375 0.1796875 0.11328125
0 0.841796875 0.923828125 0.18359375 0.12109375
0 0.765625 0.859375 0.2578125 0.15625
0 0.7109375 0.76171875 0.1875 0.1328125
0 0.869140625 0.65625 0.06640625 0.09375
0 0.87890625 0.5625 0.0390625 0.03125
0 0.728515625 0.56640625 0.19140625 0.1640625
0 0.712890625 0.416015625 0.06640625 0.04296875
0 0.466796875 0.619140625 0.22265625 0.26171875
