0 0.890625 0.380859375 0.1875 0.12109375
0 1.248046875 0.751953125 0.08203125 0.12890625
0 1.064453125 0.798828125 0.23046875 0.15234375
0 1.09765625 0.607421875 0.1796875 0.11328125
0 0.970703125 0.666015625 0.18359375 0.12109375
0 0.875 0.69921875 0.2578125 0.15625
0 0.765625 0.69921875 0.1875 0.1328125
0 0.751953125 0.5078125 0.06640625 0.09375
0 0.67578125 0.453125 0.0390625 0.03125
0 0.60546875 0.5859375 0.1953125 0.1640625
0 0.466796875 0.5234375 0.06640625 0.046875
0 0.51953125 0.837890625 0.21875 0.26171875
