0 0.390625 0.53515625 0.0546875 0.0703125
0 0.376953125 0.671875 0.06640625 0.109375
0 0.65234375 0.72265625 0.0625 0.0703125
0 0.833984375 0.482421875 0.08203125 0.09765625
0 0.732421875 0.439453125 0.06640625 0.08984375
0 0.943359375 0.814453125 0.09765625 0.05859375
0 0.830078125 0.798828125 0.06640625 0.04296875
0 0.83984375 0.888671875 0.046875 0.06640625
0 0.30859375 0.876953125 0.1015625 0.06640625
0 0.73828125 0.787109375 0.03125 0.03515625
0 0.9609375 0.56640625 0.0390625 0.0625
0 1.107421875 0.7578125 0.05078125 0.0859375
0 0.73046875 0.615234375 0.078125 0.05859375
