0 1.009765625 0.6640625 0.07421875 0.0546875
0 0.953125 0.5390625 0.109375 0.0703125
0 0.689453125 0.6328125 0.07421875 0.0625
0 0.650390625 0.931640625 0.09765625 0.08203125
0 0.763671875 0.919921875 0.08984375 0.06640625
0 0.392578125 0.701171875 0.05859375 0.09765625
0 0.498046875 0.654296875 0.04296875 0.06640625
0 0.443359375 0.58203125 0.06640625 0.046875
0 0.91015625 0.328125 0.0625 0.1015625
0 0.58203125 0.62109375 0.03125 0.03125
0 0.501953125 0.923828125 0.05859375 0.04296875
0 0.27734375 0.830078125 0.0859375 0.05078125
0 0.677734375 0.765625 0.05859375 0.078125
