0 0.7265625 1.126953125 0.203125 0.16015625
0 0.828125 0.93359375 0.046875 0.0390625
0 0.69140625 0.908203125 0.046875 0.06640625
0 0.361328125 0.80859375 0.09765625 0.1328125
0 0.46875 0.65625 0.1796875 0.234375
0 0.625 0.412109375 0.3671875 0.26953125
0 0.240234375 0.513671875 0.16796875 0.12890625
0 0.3515625 0.513671875 0.0625 0.04296875
0 0.978515625 0.529296875 0.19140625 0.11328125
0 0.724609375 0.18359375 0.09765625 0.09375
0 0.96875 0.9453125 0.0625 0.0703125
0 0.98828125 1.05859375 0.078125 0.046875
