0 1.126953125 0.640625 0.16015625 0.203125
0 0.93359375 0.537109375 0.0390625 0.05078125
0 0.908203125 0.673828125 0.06640625 0.04296875
0 0.80859375 1.005859375 0.1328125 0.09765625
0 0.65625 0.89453125 0.234375 0.1796875
0 0.412109375 0.740234375 0.26953125 0.37109375
0 0.513671875 1.126953125 0.12890625 0.16796875
0 0.513671875 1.013671875 0.04296875 0.05859375
0 0.529296875 0.38671875 0.11328125 0.1953125
0 0.18359375 0.642578125 0.09375 0.09765625
0 0.9453125 0.3984375 0.0703125 0.0625
0 1.05859375 0.37890625 0.046875 0.078125
