0 0.396484375 0.5234375 0.22265625 0.21875
0 0.650390625 0.453125 0.11328125 0.1953125
0 0.923828125 0.5 0.27734375 0.1640625
0 0.787109375 0.712890625 0.15234375 0.11328125
0 0.818359375 0.7734375 0.08203125 0.09375
0 0.58984375 0.890625 0.078125 0.09375
0 0.4453125 0.830078125 0.078125 0.09765625
0 0.201171875 0.63671875 0.18359375 0.15625
0 0.12109375 0.474609375 0.125 0.07421875
0 0.546875 1.099609375 0.1640625 0.19140625
0 1.12890625 0.857421875 0.1640625 0.12890625
0 0.947265625 0.88671875 0.07421875 0.125
0 0.91796875 0.9921875 0.1015625 0.1171875
0 0.73828125 0.83984375 0.1015625 0.0703125
