3 0.6036789297658863 0.8762541806020067 0.24414715719063546 0.24749163879598662
3 0.18729096989966554 0.8963210702341137 0.1939799331103679 0.20735785953177258
3 0.11705685618729096 0.794314381270903 0.07357859531772575 0.07692307692307693
3 0.4280936454849498 0.6755852842809364 0.05351170568561873 0.07357859531772575
3 0.5585284280936454 0.7391304347826086 0.06020066889632107 0.06020066889632107
3 0.20735785953177258 0.9648829431438127 0.06020066889632107 0.06354515050167224
3 0.6220735785953178 0.6822742474916388 0.06688963210702341 0.06688963210702341
3 0.479933110367893 0.5652173913043478 0.07023411371237458 0.07357859531772575
3 0.540133779264214 0.3712374581939799 0.25752508361204013 0.25418060200668896
3 0.7090301003344481 0.28595317725752506 0.06020066889632107 0.07692307692307693
3 0.8043478260869565 0.21906354515050167 0.24414715719063546 0.3846153846153846
3 0.9632107023411371 0.23578595317725753 0.07357859531772575 0.07692307692307693
3 0.41638795986622074 0.22240802675585283 0.06354515050167224 0.07692307692307693
3 0.3311036789297659 0.20903010033444816 0.06688963210702341 0.07692307692307693
3 0.2157190635451505 0.31270903010033446 0.07023411371237458 0.07692307692307693
3 0.061872909698996656 0.5384615384615384 0.06354515050167224 0.07357859531772575
