3 0.3729096989966555 0.7123745819397993 0.06354515050167224 0.13377926421404682
3 0.4431438127090301 0.6789297658862876 0.06354515050167224 0.11371237458193979
3 0.5117056856187291 0.6103678929765887 0.06020066889632107 0.13712374581939799
3 0.6521739130434783 0.5367892976588629 0.14046822742474915 0.23745819397993312
3 0.822742474916388 0.41471571906354515 0.05351170568561873 0.1605351170568562
3 0.4230769230769231 0.36622073578595316 0.11705685618729096 0.10367892976588629
3 0.4013377926421405 0.5284280936454849 0.07357859531772575 0.12709030100334448
3 0.47491638795986624 0.5284280936454849 0.0802675585284281 0.12709030100334448
3 0.23076923076923075 0.5852842809364548 0.06020066889632107 0.16722408026755853
3 0.29933110367892973 0.5752508361204013 0.05016722408026756 0.08695652173913043
3 0.3193979933110368 0.46989966555183943 0.056856187290969896 0.09698996655518395
