3 0.14381270903010032 0.3076923076923077 0.14046822742474915 0.27424749163879597
3 0.3193979933110368 0.28595317725752506 0.18394648829431437 0.13712374581939799
3 0.37792642140468224 0.44648829431438125 0.16722408026755853 0.19732441471571907
3 0.25752508361204013 0.4782608695652174 0.046822742474916385 0.06020066889632107
3 0.0802675585284281 0.5250836120401338 0.046822742474916385 0.05351170568561873
3 0.5033444816053512 0.588628762541806 0.05016722408026756 0.06020066889632107
3 0.5434782608695652 0.5384615384615384 0.043478260869565216 0.06020066889632107
3 0.6003344481605352 0.4531772575250836 0.0903010033444816 0.1505016722408027
3 0.6739130434782609 0.5568561872909699 0.03678929765886287 0.05016722408026756
3 0.6956521739130435 0.617056856187291 0.04013377926421405 0.056856187290969896
3 0.705685618729097 0.7324414715719063 0.046822742474916385 0.06020066889632107
3 0.7525083612040133 0.6254180602006689 0.11371237458193979 0.23411371237458192
3 0.9648829431438127 0.2608695652173913 0.07023411371237458 0.12040133779264214
