3 0.14046822742474915 0.2608695652173913 0.18729096989966554 0.36789297658862874
3 0.3528428093645485 0.24749163879598662 0.23076923076923075 0.16722408026755853
3 0.42642140468227424 0.44648829431438125 0.2040133779264214 0.24414715719063546
3 0.27424749163879597 0.48327759197324416 0.05351170568561873 0.07023411371237458
3 0.06020066889632107 0.5418060200668896 0.05351170568561873 0.0802675585284281
3 0.5735785953177257 0.6237458193979933 0.056856187290969896 0.07692307692307693
3 0.6872909698996655 0.451505016722408 0.11705685618729096 0.17391304347826086
3 0.782608695652174 0.580267558528428 0.046822742474916385 0.07023411371237458
3 0.8076923076923077 0.6588628762541806 0.05016722408026756 0.06688963210702341
3 0.8210702341137124 0.8010033444816054 0.05016722408026756 0.07023411371237458
3 0.8812709030100334 0.6638795986622074 0.13712374581939799 0.3110367892976589
