3 0.17391304347826086 0.580267558528428 0.07357859531772575 0.1505016722408027
3 0.3294314381270903 0.43645484949832775 0.13043478260869565 0.26421404682274247
3 0.5769230769230769 0.6254180602006689 0.11705685618729096 0.10033444816053512
3 0.6839464882943144 0.5317725752508361 0.043478260869565216 0.06688963210702341
3 0.7642140468227424 0.40301003344481606 0.056856187290969896 0.17725752508361203
3 0.7023411371237458 0.4180602006688963 0.06020066889632107 0.12040133779264214
3 0.5969899665551839 0.4598662207357859 0.056856187290969896 0.11036789297658862
3 0.4816053511705686 0.3979933110367893 0.07357859531772575 0.13377926421404682
3 0.520066889632107 0.47491638795986624 0.07023411371237458 0.12040133779264214
3 0.5568561872909699 0.3193979933110368 0.07023411371237458 0.11705685618729096
3 0.6287625418060201 0.28595317725752506 0.046822742474916385 0.10367892976588629
3 0.3511705685618729 0.1471571906354515 0.05351170568561873 0.08695652173913043
