3 0.3210702341137124 0.560200668896321 0.14046822742474915 0.07692307692307693
3 0.3996655518394649 0.7608695652173912 0.16387959866220736 0.07692307692307693
3 0.4230769230769231 0.7040133779264214 0.10367892976588629 0.06354515050167224
3 0.5334448160535117 0.6839464882943144 0.06354515050167224 0.043478260869565216
3 0.6270903010033445 0.5785953177257525 0.11036789297658862 0.11371237458193979
3 0.4648829431438127 0.6003344481605352 0.10033444816053512 0.05016722408026756
3 0.46655518394648826 0.5167224080267558 0.10367892976588629 0.10367892976588629
3 0.3896321070234114 0.4816053511705686 0.13043478260869565 0.06688963210702341
3 0.4615384615384615 0.33277591973244147 0.23411371237458192 0.13712374581939799
3 0.5836120401337792 0.17391304347826086 0.13712374581939799 0.05351170568561873
3 0.28929765886287623 0.6321070234113713 0.09698996655518395 0.046822742474916385
