3 0.22240802675585283 0.6822742474916388 0.12374581939799331 0.13377926421404682
3 0.3394648829431438 0.9180602006688963 0.11705685618729096 0.12374581939799331
3 0.6270903010033445 0.8444816053511706 0.06354515050167224 0.05016722408026756
3 0.7709030100334449 0.7959866220735786 0.07692307692307693 0.06688963210702341
3 0.9782608695652174 0.8043478260869565 0.043478260869565216 0.05016722408026756
3 0.32441471571906355 0.5869565217391304 0.07357859531772575 0.05016722408026756
3 0.27424749163879597 0.7959866220735786 0.07357859531772575 0.046822742474916385
3 0.6839464882943144 0.5100334448160535 0.07692307692307693 0.05016722408026756
3 0.6672240802675585 0.2608695652173913 0.07023411371237458 0.05351170568561873
3 0.41304347826086957 0.4280936454849498 0.13712374581939799 0.14046822742474915
3 0.18896321070234112 0.29598662207357856 0.1505016722408027 0.1505016722408027
