3 0.37625418060200666 0.24581939799331104 0.23076923076923075 0.11705685618729096
3 0.26588628762541805 0.2909698996655518 0.06354515050167224 0.046822742474916385
3 0.3862876254180602 0.30434782608695654 0.056856187290969896 0.04013377926421405
3 0.44481605351170567 0.32608695652173914 0.06020066889632107 0.043478260869565216
3 0.4080267558528428 0.49331103678929766 0.06020066889632107 0.043478260869565216
3 0.4615384615384615 0.4598662207357859 0.06020066889632107 0.05016722408026756
3 0.5451505016722408 0.3996655518394649 0.14046822742474915 0.09698996655518395
3 0.5468227424749164 0.6237458193979933 0.16387959866220736 0.1705685618729097
3 0.7023411371237458 0.6822742474916388 0.1605351170568562 0.1806020066889632
3 0.5217391304347826 0.7391304347826086 0.06688963210702341 0.046822742474916385
3 0.47491638795986624 0.9147157190635451 0.06688963210702341 0.03678929765886287
3 0.7023411371237458 0.8561872909698997 0.28762541806020064 0.12709030100334448
