0 0.65234375 0.232421875 0.046875 0.05859375
0 0.751953125 0.095703125 0.04296875 0.05078125
0 0.896484375 0.291015625 0.04296875 0.05859375
0 0.78515625 0.36328125 0.0390625 0.046875
0 0.91015625 0.61328125 0.0390625 0.046875
0 0.826171875 0.560546875 0.03515625 0.05078125
0 0.69140625 0.529296875 0.0390625 0.04296875
0 0.5 0.6640625 0.0390625 0.0703125
0 0.37109375 0.697265625 0.0390625 0.06640625
0 0.251953125 0.68359375 0.04296875 0.0390625
0 0.1640625 0.66796875 0.0390625 0.0703125
0 0.04296875 0.533203125 0.03125 0.05078125
0 0.4765625 0.431640625 0.046875 0.03515625
0 0.40625 0.458984375 0.03125 0.05078125
0 0.404296875 0.513671875 0.05078125 0.03515625
0 0.41015625 0.31640625 0.0390625 0.0390625
0 0.36328125 0.37109375 0.0546875 0.03125
0 0.732421875 0.701171875 0.05078125 0.03515625
0 0.69140625 0.755859375 0.0546875 0.04296875
0 0.6328125 0.861328125 0.0390625 0.05078125
0 1.060546875 0.8671875 0.04296875 0.046875
0 1.01171875 0.91015625 0.0390625 0.0390625
0 0.947265625 0.822265625 0.04296875 0.05078125
