3 0.09698996655518395 0.7608695652173912 0.13377926421404682 0.34448160535117056
3 0.28929765886287623 0.7541806020066889 0.1906354515050167 0.19732441471571907
3 0.34615384615384615 0.5234113712374582 0.15719063545150502 0.22408026755852842
3 0.22073578595317725 0.4899665551839465 0.046822742474916385 0.07692307692307693
3 0.03511705685618729 0.41638795986622074 0.043478260869565216 0.0903010033444816
3 0.4765886287625418 0.3277591973244147 0.05016722408026756 0.0802675585284281
3 0.5150501672240803 0.3979933110367893 0.046822742474916385 0.07357859531772575
3 0.5785953177257525 0.5250836120401338 0.09364548494983277 0.18729096989966554
3 0.657190635451505 0.37792642140468224 0.043478260869565216 0.07357859531772575
3 0.6705685618729097 0.2842809364548495 0.05016722408026756 0.08695652173913043
3 0.6872909698996655 0.11872909698996656 0.043478260869565216 0.07692307692307693
3 0.7408026755852842 0.2792642140468227 0.11705685618729096 0.32441471571906355
