0 0.7114583333333333 0.74296875 0.08125 0.0703125
0 0.978125 0.7447916666666666 0.19791666666666666 0.06875
0 0.7921875 0.5783854166666667 0.04895833333333333 0.0421875
0 1.01875 0.8731770833333333 0.06666666666666667 0.019270833333333334
0 1.0244791666666666 0.475 0.31354166666666666 0.13229166666666667
0 1.3432291666666667 0.5799479166666667 0.28020833333333334 0.19635416666666666
0 0.7578125 0.49713541666666666 0.05520833333333333 0.0390625
0 0.45416666666666666 0.58359375 0.10208333333333333 0.0296875
0 0.5885416666666666 0.4973958333333333 0.06458333333333333 0.02395833333333333
0 0.5395833333333333 0.4322916666666667 0.19375 0.05625
