1 0.1948160535117057 0.7552910052910052 0.015050167224080268 0.05026455026455026
1 0.26588628762541805 0.6891534391534391 0.020066889632107024 0.04497354497354497
1 0.3904682274247492 0.6613756613756614 0.011705685618729096 0.05291005291005291
1 0.4406354515050167 0.4444444444444444 0.028428093645484948 0.026455026455026454
1 0.2817725752508361 0.4973544973544973 0.011705685618729096 0.037037037037037035
1 0.4230769230769231 0.6574074074074073 0.010033444816053512 0.03968253968253968
1 0.4974916387959866 0.7777777777777777 0.021739130434782608 0.031746031746031744
1 0.46571906354515047 0.6944444444444444 0.018394648829431436 0.0291005291005291
1 0.4214046822742475 0.7288359788359788 0.013377926421404682 0.0291005291005291
1 0.3294314381270903 0.42328042328042326 0.013377926421404682 0.031746031746031744
