1 0.6416275430359938 0.7258403361344538 0.01564945226917058 0.03571428571428571
1 0.6040688575899844 0.7584033613445378 0.018779342723004695 0.03361344537815126
1 0.4874804381846635 0.6659663865546218 0.020344287949921755 0.037815126050420166
1 0.5461658841940532 0.6785714285714285 0.018779342723004695 0.037815126050420166
1 0.45305164319248825 0.5808823529411764 0.023474178403755867 0.03571428571428571
1 0.4827856025039124 0.5672268907563025 0.014084507042253521 0.037815126050420166
1 0.5 0.5535714285714285 0.014084507042253521 0.03571428571428571
1 0.4937402190923318 0.625 0.014084507042253521 0.04831932773109243
1 0.5125195618153364 0.634453781512605 0.014084507042253521 0.037815126050420166
1 0.48982785602503914 0.4884453781512605 0.025039123630672927 0.0273109243697479
1 0.5226917057902973 0.5283613445378151 0.018779342723004695 0.031512605042016806
1 0.55320813771518 0.5357142857142857 0.010954616588419406 0.03361344537815126
1 0.5704225352112676 0.5294117647058824 0.017214397496087636 0.025210084033613446
1 0.6150234741784038 0.6176470588235294 0.02190923317683881 0.04201680672268907
1 0.6032863849765259 0.6397058823529411 0.020344287949921755 0.031512605042016806
