1 0.41236306729264477 0.6680672268907563 0.014084507042253521 0.03361344537815126
1 0.43270735524256654 0.6144957983193277 0.017214397496087636 0.031512605042016806
1 0.568075117370892 0.6165966386554621 0.018779342723004695 0.03571428571428571
1 0.5125195618153364 0.6449579831932772 0.017214397496087636 0.03361344537815126
1 0.6291079812206573 0.667016806722689 0.02190923317683881 0.031512605042016806
1 0.6087636932707355 0.6985294117647058 0.01564945226917058 0.03571428571428571
1 0.5993740219092332 0.7226890756302521 0.01564945226917058 0.03361344537815126
1 0.5782472613458529 0.6565126050420168 0.020344287949921755 0.044117647058823525
1 0.5586854460093896 0.6607142857142857 0.01564945226917058 0.03571428571428571
1 0.63302034428795 0.7720588235294117 0.023474178403755867 0.0273109243697479
1 0.5892018779342724 0.7584033613445378 0.017214397496087636 0.029411764705882353
1 0.5594679186228482 0.7741596638655461 0.014084507042253521 0.031512605042016806
1 0.5469483568075117 0.7909663865546218 0.017214397496087636 0.02310924369747899
1 0.4757433489827856 0.7436974789915967 0.02190923317683881 0.037815126050420166
1 0.47730829420970267 0.7163865546218487 0.018779342723004695 0.029411764705882353
