1 0.6971264367816092 0.8466494845360825 0.03793103448275862 0.06443298969072164
1 0.8844827586206896 0.4536082474226804 0.03103448275862069 0.05154639175257732
1 0.8971264367816092 0.5115979381443299 0.01264367816091954 0.07989690721649484
1 0.9109195402298851 0.3711340206185567 0.01264367816091954 0.0979381443298969
1 0.8477011494252873 0.3079896907216495 0.028735632183908046 0.07474226804123711
1 0.8666666666666667 0.24871134020618557 0.020689655172413793 0.03865979381443299
1 0.8735632183908046 0.17396907216494845 0.022988505747126436 0.06443298969072164
1 0.8327586206896551 0.08118556701030928 0.017241379310344827 0.04896907216494845
1 0.6655172413793103 0.4175257731958763 0.020689655172413793 0.05154639175257732
1 0.7408045977011494 0.336340206185567 0.017241379310344827 0.059278350515463915
1 0.639080459770115 0.17396907216494845 0.02528735632183908 0.06443298969072164
1 0.6545977011494253 0.2036082474226804 0.026436781609195402 0.030927835051546393
1 0.6655172413793103 0.2345360824742268 0.013793103448275862 0.041237113402061855
1 0.7068965517241379 0.1327319587628866 0.01839080459770115 0.059278350515463915
1 0.7229885057471265 0.08634020618556701 0.020689655172413793 0.03350515463917526
1 0.6293103448275862 0.43556701030927836 0.035632183908045977 0.03608247422680412
1 0.6160919540229886 0.5463917525773195 0.027586206896551724 0.06701030927835051
1 0.7925287356321838 0.6095360824742267 0.01954022988505747 0.1056701030927835
1 0.8097701149425287 0.45618556701030927 0.014942528735632184 0.041237113402061855
1 0.8379310344827586 0.8195876288659794 0.016091954022988506 0.06701030927835051
1 0.8298850574712644 0.9020618556701031 0.022988505747126436 0.07216494845360824
