1 0.478735632183908 0.6649484536082474 0.026436781609195402 0.07731958762886598
1 0.23333333333333334 0.49742268041237114 0.020689655172413793 0.061855670103092786
1 0.24942528735632183 0.44458762886597936 0.03218390804597701 0.04381443298969072
1 0.1879310344827586 0.48711340206185566 0.03793103448275862 0.05154639175257732
1 0.1954022988505747 0.6417525773195876 0.029885057471264367 0.05670103092783505
1 0.1632183908045977 0.6353092783505154 0.016091954022988506 0.04381443298969072
1 0.13045977011494253 0.6585051546391752 0.026436781609195402 0.04896907216494845
1 0.11494252873563218 0.7835051546391752 0.020689655172413793 0.03608247422680412
1 0.32873563218390806 0.9407216494845361 0.020689655172413793 0.041237113402061855
1 0.2591954022988506 0.8350515463917526 0.02413793103448276 0.03608247422680412
1 0.24770114942528734 1.1134020618556701 0.026436781609195402 0.05154639175257732
1 0.25114942528735634 1.068298969072165 0.014942528735632184 0.05412371134020619
1 0.25804597701149423 1.0322164948453607 0.017241379310344827 0.028350515463917526
1 0.19827586206896552 1.0038659793814433 0.02413793103448276 0.03865979381443299
1 0.17183908045977012 0.9948453608247423 0.014942528735632184 0.041237113402061855
1 0.35344827586206895 1.0025773195876289 0.01954022988505747 0.07216494845360824
1 0.4028735632183908 0.9716494845360825 0.026436781609195402 0.05670103092783505
1 0.3390804597701149 0.5979381443298969 0.041379310344827586 0.05670103092783505
1 0.271264367816092 0.6417525773195876 0.016091954022988506 0.030927835051546393
1 0.39770114942528734 0.40463917525773196 0.027586206896551724 0.03608247422680412
1 0.43333333333333335 0.3788659793814433 0.029885057471264367 0.04639175257731959
