1 0.48765432098765427 0.3518181818181818 0.050754458161865565 0.034545454545454546
1 0.7071330589849107 0.43636363636363634 0.034293552812071325 0.06909090909090909
1 0.7277091906721536 0.5672727272727273 0.0205761316872428 0.08
1 0.7414266117969821 0.9163636363636364 0.028806584362139915 0.07272727272727272
1 0.6803840877914952 0.97 0.04938271604938271 0.034545454545454546
1 0.434156378600823 0.9709090909090909 0.0233196159122085 0.05818181818181818
1 0.10699588477366255 0.8163636363636364 0.03017832647462277 0.08
1 0.3772290809327846 0.58 0.05486968449931413 0.06181818181818182
1 0.32167352537722904 0.5527272727272727 0.04801097393689986 0.03272727272727273
1 0.20781893004115226 0.28545454545454546 0.028806584362139915 0.06909090909090909
1 0.26406035665294925 0.22545454545454546 0.05624142661179698 0.02181818181818182
1 0.10356652949245541 0.18454545454545454 0.037037037037037035 0.04181818181818182
1 0.12345679012345678 0.3927272727272727 0.03292181069958847 0.05818181818181818
