1 0.6879286694101509 0.8845454545454545 0.04526748971193415 0.034545454545454546
1 0.46639231824417005 0.9563636363636364 0.03017832647462277 0.06181818181818182
1 0.39849108367626884 0.8572727272727273 0.03155006858710562 0.07090909090909091
1 0.2558299039780521 0.5636363636363636 0.028806584362139915 0.06545454545454546
1 0.28806584362139914 0.4772727272727273 0.0438957475994513 0.034545454545454546
1 0.5013717421124828 0.31272727272727274 0.0233196159122085 0.05090909090909091
1 0.8429355281207133 0.23 0.03155006858710562 0.07090909090909091
1 0.6975308641975309 0.6136363636363636 0.04801097393689986 0.056363636363636366
1 0.7565157750342935 0.600909090909091 0.04252400548696845 0.034545454545454546
1 0.9561042524005486 0.7563636363636363 0.027434842249657063 0.06181818181818182
1 0.929355281207133 0.8454545454545455 0.050754458161865565 0.04
1 1.083676268861454 0.7754545454545455 0.03292181069958847 0.038181818181818185
1 0.9876543209876543 0.6081818181818182 0.03017832647462277 0.05272727272727273
