1 0.6344307270233196 0.8290909090909091 0.026063100137174208 0.06545454545454546
1 0.49999999999999994 1.0736363636363637 0.050754458161865565 0.045454545454545456
1 0.3998628257887517 1.0545454545454545 0.05898491083676268 0.02909090909090909
1 0.1474622770919067 0.9518181818181818 0.053497942386831275 0.038181818181818185
1 0.13100137174211246 0.8572727272727273 0.026063100137174208 0.06363636363636363
1 0.2146776406035665 0.55 0.04252400548696845 0.03090909090909091
1 0.4355281207133059 0.19636363636363635 0.05898491083676268 0.04
1 0.5109739368998628 0.6136363636363636 0.04526748971193415 0.07090909090909091
1 0.5486968449931412 0.5536363636363636 0.024691358024691357 0.06
1 0.7770919067215363 0.5027272727272727 0.050754458161865565 0.038181818181818185
1 0.8004115226337448 0.5936363636363636 0.0205761316872428 0.07090909090909091
1 0.8847736625514403 0.4081818181818182 0.03017832647462277 0.04909090909090909
1 0.7304526748971193 0.3618181818181818 0.04252400548696845 0.04363636363636364
