1 0.2644628099173554 0.6927592954990215 0.01652892561983471 0.023483365949119372
1 0.2940771349862259 0.6585127201565557 0.006887052341597796 0.033268101761252444
1 0.33746556473829203 0.6790606653620352 0.011019283746556474 0.0273972602739726
1 0.33884297520661155 0.7201565557729941 0.013774104683195593 0.03522504892367906
1 0.36019283746556474 0.7661448140900196 0.012396694214876033 0.03718199608610567
1 0.41597796143250687 0.6702544031311154 0.01928374655647383 0.029354207436399216
1 0.3608815426997245 0.6643835616438356 0.013774104683195593 0.033268101761252444
1 0.33953168044077137 0.6046966731898238 0.023415977961432508 0.023483365949119372
1 0.331267217630854 0.5675146771037182 0.023415977961432508 0.0273972602739726
1 0.378099173553719 0.5420743639921721 0.012396694214876033 0.03131115459882583
1 0.384297520661157 0.4892367906066536 0.01928374655647383 0.03131115459882583
1 0.31473829201101927 0.5136986301369862 0.012396694214876033 0.025440313111545987
