1 0.6624087591240876 0.5089020771513353 0.032846715328467155 0.032640949554896145
1 0.47354014598540145 0.5890207715133532 0.020072992700729927 0.050445103857566766
1 0.45711678832116787 0.8071216617210683 0.016423357664233577 0.04747774480712166
1 0.45255474452554745 0.9243323442136498 0.032846715328467155 0.032640949554896145
1 0.48722627737226276 0.9510385756676558 0.029197080291970802 0.032640949554896145
1 0.45802919708029194 0.970326409495549 0.021897810218978103 0.05934718100890208
1 0.5355839416058394 1.083086053412463 0.016423357664233577 0.04154302670623146
1 0.479014598540146 1.21513353115727 0.016423357664233577 0.03857566765578635
1 0.8047445255474452 1.1646884272997033 0.021897810218978103 0.05637982195845698
1 0.7171532846715328 1.096439169139466 0.021897810218978103 0.05637982195845698
1 0.5994525547445255 1.0623145400593472 0.023722627737226276 0.04154302670623146
1 0.6441605839416058 1.0281899109792285 0.01824817518248175 0.050445103857566766
1 0.625912408759124 0.9851632047477745 0.01824817518248175 0.04747774480712166
1 0.615875912408759 0.9020771513353116 0.016423357664233577 0.03560830860534125
1 0.5666058394160584 0.956973293768546 0.03832116788321168 0.03857566765578635
1 0.6706204379562044 0.4332344213649852 0.020072992700729927 0.04154302670623146
1 0.7965328467153284 0.42729970326409494 0.03467153284671533 0.03560830860534125
