1 0.552007299270073 1.3026706231454006 0.020072992700729927 0.05341246290801187
1 0.6906934306569343 1.0786350148367954 0.03102189781021898 0.032640949554896145
1 0.6386861313868613 0.8768545994065282 0.029197080291970802 0.026706231454005934
1 0.6067518248175182 0.771513353115727 0.020072992700729927 0.05341246290801187
1 0.5684306569343065 0.7774480712166172 0.020072992700729927 0.04747774480712166
1 0.5866788321167883 0.7359050445103857 0.03467153284671533 0.03560830860534125
1 0.48540145985401456 0.701780415430267 0.025547445255474453 0.026706231454005934
1 0.49452554744525545 0.5415430267062314 0.021897810218978103 0.026706231454005934
1 0.2281021897810219 0.8486646884272997 0.032846715328467155 0.03560830860534125
1 0.3239051094890511 0.8367952522255193 0.03467153284671533 0.03560830860534125
1 0.43704379562043794 0.771513353115727 0.027372262773722626 0.03560830860534125
1 0.40875912408759124 0.8367952522255193 0.029197080291970802 0.02967359050445104
1 0.437956204379562 0.8605341246290802 0.029197080291970802 0.02967359050445104
1 0.47171532846715325 0.9243323442136498 0.020072992700729927 0.026706231454005934
1 0.4981751824817518 0.8353115727002968 0.021897810218978103 0.06231454005934718
1 0.5684306569343065 1.3753709198813058 0.027372262773722626 0.032640949554896145
1 0.4616788321167883 1.4821958456973294 0.021897810218978103 0.05637982195845698
