1 0.5915977961432507 0.5833333333333334 0.026170798898071626 0.08712121212121213
1 0.6370523415977961 0.5085227272727273 0.026170798898071626 0.09659090909090909
1 0.5275482093663912 0.49905303030303033 0.030303030303030304 0.0928030303030303
1 0.5392561983471075 0.4100378787878788 0.026170798898071626 0.08901515151515152
1 0.5736914600550964 0.3475378787878788 0.05922865013774105 0.03598484848484849
1 0.49449035812672176 0.4498106060606061 0.024793388429752067 0.0928030303030303
1 0.4696969696969697 0.45549242424242425 0.024793388429752067 0.07007575757575758
1 0.35674931129476584 0.5047348484848485 0.06336088154269973 0.032196969696969696
1 0.2837465564738292 0.49337121212121215 0.02203856749311295 0.09659090909090909
1 0.2975206611570248 0.41571969696969696 0.04132231404958678 0.08522727272727273
1 0.3285123966942149 0.4356060606060606 0.01790633608815427 0.08712121212121213
1 0.35330578512396693 0.45075757575757575 0.0371900826446281 0.07575757575757576
1 0.3608815426997245 0.42045454545454547 0.0440771349862259 0.07575757575757576
1 0.3477961432506887 0.36742424242424243 0.06198347107438017 0.045454545454545456
1 0.26584022038567495 0.30492424242424243 0.06060606060606061 0.04166666666666667
1 0.412534435261708 0.4460227272727273 0.0371900826446281 0.08522727272727273
1 0.09297520661157024 0.19602272727272727 0.07851239669421488 0.02840909090909091
1 0.22038567493112948 0.13636363636363635 0.05785123966942149 0.04166666666666667
