1 0.5055096418732783 0.7679924242424243 0.03305785123966942 0.07765151515151515
1 0.4931129476584022 0.8636363636363636 0.03581267217630854 0.08712121212121213
1 0.5915977961432507 0.7964015151515151 0.03443526170798898 0.08143939393939394
1 0.6136363636363636 0.881628787878788 0.03443526170798898 0.07765151515151515
1 0.6060606060606061 0.9592803030303031 0.05234159779614325 0.043560606060606064
1 0.637741046831956 0.8162878787878788 0.03581267217630854 0.08333333333333334
1 0.6570247933884298 0.7945075757575758 0.027548209366391185 0.0625
1 0.737603305785124 0.6742424242424243 0.05647382920110193 0.045454545454545456
1 0.8044077134986226 0.6335227272727273 0.03581267217630854 0.08522727272727273
1 0.8202479338842975 0.7102272727272727 0.0371900826446281 0.07575757575757576
1 0.7865013774104683 0.7149621212121212 0.03305785123966942 0.07765151515151515
1 0.759641873278237 0.71875 0.03443526170798898 0.06628787878787878
1 0.7637741046831956 0.75 0.03994490358126722 0.06818181818181818
1 0.7947658402203857 0.7869318181818182 0.05509641873278237 0.043560606060606064
1 0.8891184573002755 0.7850378787878788 0.05371900826446281 0.043560606060606064
1 0.7100550964187328 0.7632575757575758 0.03443526170798898 0.07575757575757576
1 1.0778236914600552 0.7604166666666667 0.07024793388429752 0.054924242424242424
1 0.9889807162534435 0.8996212121212122 0.05234159779614325 0.04166666666666667
