1 0.6632231404958678 0.7784090909090909 0.05647382920110193 0.045454545454545456
1 0.6384297520661157 0.6865530303030303 0.06198347107438017 0.05113636363636364
1 0.5778236914600551 0.8125 0.05922865013774105 0.04924242424242424
1 0.5275482093663912 0.7537878787878788 0.05785123966942149 0.045454545454545456
1 0.5055096418732783 0.6818181818181819 0.030303030303030304 0.07196969696969698
1 0.5303030303030303 0.8267045454545455 0.06060606060606061 0.04734848484848485
1 0.5213498622589532 0.8589015151515151 0.045454545454545456 0.03598484848484849
1 0.49586776859504134 1.0179924242424243 0.03305785123966942 0.07765151515151515
1 0.4524793388429752 1.0994318181818181 0.06198347107438017 0.05113636363636364
1 0.4104683195592287 1.0445075757575757 0.05509641873278237 0.05113636363636364
1 0.43870523415977963 1.0170454545454546 0.05647382920110193 0.045454545454545456
1 0.4607438016528926 0.9952651515151515 0.048209366391184574 0.04734848484848485
1 0.44490358126721763 0.9706439393939394 0.049586776859504134 0.054924242424242424
1 0.4056473829201102 0.9602272727272727 0.03168044077134986 0.07575757575757576
1 0.32438016528925623 1.0274621212121213 0.03168044077134986 0.07386363636363637
1 0.487603305785124 0.9223484848484849 0.05509641873278237 0.045454545454545456
1 0.17011019283746556 1.178030303030303 0.03994490358126722 0.0946969696969697
1 0.19559228650137742 0.9962121212121212 0.030303030303030304 0.07196969696969698
