1 0.17152777777777778 0.3388888888888889 0.034722222222222224 0.02962962962962963
1 0.12986111111111112 0.287962962962963 0.018055555555555557 0.03888888888888889
1 0.43680555555555556 0.21481481481481482 0.02638888888888889 0.022222222222222223
1 0.4625 0.23333333333333334 0.03888888888888889 0.014814814814814815
1 0.5277777777777778 0.1277777777777778 0.025 0.05185185185185186
1 0.6152777777777778 0.2925925925925926 0.044444444444444446 0.022222222222222223
1 0.8229166666666667 0.13703703703703704 0.04583333333333334 0.040740740740740744
1 0.84375 0.33425925925925926 0.04027777777777778 0.031481481481481485
1 0.7652777777777778 0.7138888888888889 0.019444444444444445 0.061111111111111116
1 0.8256944444444445 0.675 0.0125 0.04259259259259259
1 0.7743055555555556 0.8537037037037037 0.03194444444444445 0.022222222222222223
1 0.3763888888888889 0.8083333333333333 0.05 0.024074074074074074
1 0.31180555555555556 0.8925925925925926 0.04027777777777778 0.03333333333333333
1 0.46111111111111114 0.4953703703703704 0.03888888888888889 0.016666666666666666
1 0.5361111111111111 0.5555555555555556 0.011111111111111112 0.05555555555555556
1 0.6 0.3944444444444445 0.019444444444444445 0.044444444444444446
1 0.5326388888888889 0.40370370370370373 0.03194444444444445 0.037037037037037035
1 0.44722222222222224 0.46111111111111114 0.022222222222222223 0.05185185185185186
1 0.4395833333333333 0.3027777777777778 0.03194444444444445 0.05
1 0.4604166666666667 0.34814814814814815 0.018055555555555557 0.05555555555555556
1 0.1736111111111111 0.5092592592592593 0.036111111111111115 0.02962962962962963
1 0.2465277777777778 0.27222222222222225 0.029166666666666667 0.022222222222222223
1 0.4527777777777778 0.04814814814814815 0.016666666666666666 0.037037037037037035
1 0.47361111111111115 0.887962962962963 0.02777777777777778 0.04259259259259259
1 0.4277777777777778 0.8824074074074074 0.04166666666666667 0.020370370370370372
1 0.24305555555555555 0.762962962962963 0.019444444444444445 0.05555555555555556
1 0.2 0.9777777777777779 0.01388888888888889 0.044444444444444446
1 0.6305555555555555 0.5212962962962964 0.01388888888888889 0.03518518518518519
