1 0.31045241809672386 0.6973365617433415 0.0249609984399376 0.029055690072639227
1 0.4009360374414977 0.851089588377724 0.031201248049921998 0.026634382566585957
1 0.4173166926677067 0.7300242130750606 0.0327613104524181 0.026634382566585957
1 0.43681747269890797 0.9309927360774819 0.0218408736349454 0.036319612590799036
1 0.4968798751950078 1.039951573849879 0.014040561622464899 0.026634382566585957
1 0.4882995319812793 1.142857142857143 0.0187207488299532 0.04358353510895884
1 0.5101404056162246 1.1089588377723971 0.015600624024960999 0.04358353510895884
1 0.624804992199688 0.8426150121065376 0.0171606864274571 0.04358353510895884
1 0.6185647425897036 0.7481840193704601 0.0234009360374415 0.0387409200968523
1 0.531201248049922 0.6743341404358354 0.0171606864274571 0.036319612590799036
1 0.5304212168486739 0.7772397094430993 0.015600624024960999 0.04358353510895884
1 0.5117004680187207 0.7893462469733656 0.015600624024960999 0.053268765133171914
1 0.5132605304212169 0.8450363196125908 0.028081123244929798 0.02421307506053269
1 0.5577223088923557 0.8753026634382567 0.0234009360374415 0.04116222760290557
1 0.5327613104524181 0.9782082324455206 0.0202808112324493 0.01937046004842615
1 0.5304212168486739 0.9552058111380146 0.0124804992199688 0.031476997578692496
1 0.5210608424336973 0.9975786924939468 0.0124804992199688 0.0387409200968523
1 0.5117004680187207 0.9878934624697338 0.0187207488299532 0.02421307506053269
1 0.4914196567862715 0.9842615012106538 0.0249609984399376 0.02179176755447942
1 0.47269890795631825 0.9685230024213075 0.015600624024960999 0.03389830508474576
1 0.5522620904836194 0.927360774818402 0.0124804992199688 0.0387409200968523
1 0.5397815912636506 0.9213075060532688 0.015600624024960999 0.036319612590799036
1 0.5351014040561622 0.8680387409200969 0.015600624024960999 0.05084745762711865
