1 0.2709030100334448 0.7157190635451505 0.020066889632107024 0.033444816053511704
1 0.362876254180602 0.6020066889632107 0.030100334448160536 0.026755852842809364
1 0.4096989966555184 0.5936454849498327 0.043478260869565216 0.030100334448160536
1 0.617056856187291 0.7408026755852842 0.030100334448160536 0.05016722408026756
1 0.6337792642140468 0.7892976588628763 0.030100334448160536 0.04013377926421405
1 0.6755852842809364 0.782608695652174 0.046822742474916385 0.06020066889632107
1 0.6839464882943144 0.6939799331103679 0.030100334448160536 0.05016722408026756
1 0.7424749163879598 0.7040133779264214 0.033444816053511704 0.056856187290969896
1 0.725752508361204 0.5150501672240803 0.026755852842809364 0.026755852842809364
1 0.8545150501672241 0.46822742474916385 0.030100334448160536 0.026755852842809364
1 0.9849498327759197 0.3979933110367893 0.030100334448160536 0.033444816053511704
1 1.0150501672240801 0.5836120401337792 0.03678929765886287 0.056856187290969896
1 0.9933110367892977 0.5367892976588629 0.033444816053511704 0.030100334448160536
1 0.7842809364548495 0.8762541806020067 0.043478260869565216 0.026755852842809364
