1 0.3729096989966555 0.3093645484949833 0.030100334448160536 0.030100334448160536
1 0.44648829431438125 0.43645484949832775 0.05016722408026756 0.030100334448160536
1 0.48494983277591974 0.40301003344481606 0.033444816053511704 0.030100334448160536
1 0.5618729096989966 0.28595317725752506 0.026755852842809364 0.023411371237458192
1 0.7290969899665551 0.5183946488294314 0.026755852842809364 0.026755852842809364
1 0.6421404682274248 0.41471571906354515 0.020066889632107024 0.033444816053511704
1 0.6806020066889632 0.6956521739130435 0.056856187290969896 0.033444816053511704
1 0.6220735785953178 0.6722408026755853 0.06020066889632107 0.033444816053511704
1 0.7107023411371237 0.765886287625418 0.043478260869565216 0.026755852842809364
1 1.0217391304347825 0.9163879598662207 0.030100334448160536 0.020066889632107024
1 1.0 0.7759197324414716 0.026755852842809364 0.033444816053511704
1 0.9665551839464883 0.7474916387959866 0.026755852842809364 0.03678929765886287
1 0.6471571906354515 0.7842809364548495 0.06354515050167224 0.07023411371237458
1 0.2909698996655518 0.3729096989966555 0.05351170568561873 0.06354515050167224
