1 0.215625 0.8511972633979475 0.018750000000000003 0.028506271379703536
1 0.16171875000000002 0.4885974914481186 0.035937500000000004 0.026225769669327253
1 0.58984375 0.6995438996579247 0.0328125 0.019384264538198404
1 0.62890625 0.6944127708095781 0.029687500000000002 0.02508551881413911
1 0.7140625 0.6949828962371722 0.040625 0.01710376282782212
1 0.65625 0.5695553021664767 0.046875 0.012542759407069556
1 0.7015625000000001 0.5461801596351198 0.034375 0.013683010262257697
1 0.77109375 0.467502850627138 0.045312500000000006 0.009122006841505131
1 0.7195312500000001 0.43671607753705816 0.0390625 0.013683010262257697
1 0.47968750000000004 0.35746864310148235 0.03125 0.019384264538198404
1 0.36015625 0.3831242873432155 0.0203125 0.029646522234891677
1 0.36640625000000004 0.28506271379703535 0.0421875 0.011402508551881414
1 0.421875 0.2314709236031927 0.028125 0.02508551881413911
1 0.43984375000000003 0.17559863169897377 0.0203125 0.029646522234891677
1 0.4234375 0.5267958950969214 0.034375 0.02280501710376283
1 0.48828125 0.6431014823261118 0.0421875 0.02280501710376283
1 0.59375 0.6499429874572407 0.037500000000000006 0.020524515393386546
1 0.5515625000000001 0.6835803876852908 0.025 0.02394526795895097
1 0.50546875 0.6647662485746865 0.0421875 0.018244013683010263
1 0.5015625 0.6841505131128849 0.053125000000000006 0.020524515393386546
1 0.39140625 0.5541619156214367 0.010937500000000001 0.02508551881413911
1 0.38671875 0.6465222348916762 0.035937500000000004 0.013683010262257697
1 0.4625 0.6071835803876853 0.025 0.02394526795895097
1 0.36171875000000003 0.6180159635119726 0.026562500000000003 0.027366020524515394
1 0.321875 0.5473204104903079 0.021875000000000002 0.01596351197263398
1 0.45078125 0.5860889395667047 0.0140625 0.020524515393386546
