1 0.3010033444816054 0.9331103678929765 0.20066889632107024 0.10033444816053512
1 0.06521739130434782 0.677257525083612 0.11705685618729096 0.07023411371237458
1 0.21739130434782608 0.45484949832775917 0.1806020066889632 0.14046822742474915
1 0.4632107023411371 0.6204013377926422 0.18394648829431437 0.10367892976588629
1 0.6187290969899666 0.6989966555183946 0.10702341137123746 0.14046822742474915
1 0.6505016722408027 0.6454849498327759 0.11036789297658862 0.24749163879598662
1 0.7809364548494984 0.5535117056856187 0.06354515050167224 0.3311036789297659
1 0.9581939799331104 0.47157190635451507 0.08361204013377926 0.1806020066889632
1 0.41638795986622074 0.49665551839464883 0.15719063545150502 0.1505016722408027
1 0.4866220735785953 0.33612040133779264 0.06354515050167224 0.26421404682274247
