1 0.04013377926421405 0.47491638795986624 0.07357859531772575 0.16722408026755853
1 0.2157190635451505 0.5551839464882943 0.07023411371237458 0.31438127090301005
1 0.4916387959866221 0.3377926421404682 0.09364548494983277 0.2809364548494983
1 0.5719063545150501 0.4882943143812709 0.16722408026755853 0.1471571906354515
1 0.782608695652174 0.45819397993311034 0.20066889632107024 0.13377926421404682
1 0.3494983277591973 0.6454849498327759 0.11705685618729096 0.2608695652173913
1 0.3812709030100334 0.6956521739130435 0.09364548494983277 0.16722408026755853
1 0.5484949832775919 0.6270903010033445 0.18729096989966554 0.11705685618729096
1 0.6989966555183946 0.9314381270903009 0.20735785953177258 0.07692307692307693
1 0.9397993311036789 0.6789297658862876 0.12040133779264214 0.0802675585284281
