3 0.8260869565217391 0.580267558528428 0.06688963210702341 0.14381270903010032
3 0.4280936454849498 0.6220735785953178 0.10702341137123746 0.10033444816053512
3 0.23745819397993312 0.4197324414715719 0.06688963210702341 0.1906354515050167
3 0.30267558528428096 0.41471571906354515 0.06354515050167224 0.10033444816053512
3 0.40301003344481606 0.4498327759197324 0.07023411371237458 0.14381270903010032
3 0.4882943143812709 0.47324414715719065 0.10033444816053512 0.13043478260869565
3 0.5117056856187291 0.3862876254180602 0.06020066889632107 0.13043478260869565
3 0.6488294314381271 0.43812709030100333 0.14046822742474915 0.25418060200668896
3 0.3695652173913043 0.2842809364548495 0.056856187290969896 0.10702341137123746
3 0.44481605351170567 0.31605351170568563 0.07357859531772575 0.11705685618729096
3 0.1923076923076923 0.5986622073578595 0.0903010033444816 0.12040133779264214
3 0.31605351170568563 0.5267558528428093 0.07023411371237458 0.08361204013377926
3 0.5050167224080268 0.18227424749163879 0.07357859531772575 0.07023411371237458
