0 0.830078125 0.390625 0.07421875 0.0546875
0 0.693359375 0.376953125 0.10546875 0.06640625
0 0.642578125 0.65234375 0.07421875 0.0625
0 0.884765625 0.833984375 0.09765625 0.08203125
0 0.927734375 0.732421875 0.08984375 0.06640625
0 0.552734375 0.943359375 0.05859375 0.09765625
0 0.56640625 0.830078125 0.0390625 0.06640625
0 0.4765625 0.83984375 0.0625 0.046875
0 0.490234375 0.30859375 0.06640625 0.1015625
0 0.578125 0.73828125 0.03125 0.03125
0 0.80078125 0.9609375 0.0625 0.0390625
0 0.609375 1.107421875 0.0859375 0.05078125
0 0.751953125 0.73046875 0.05859375 0.078125
