0 1.0078125 0.564453125 0.2109375 0.23046875
0 0.689453125 0.61328125 0.14453125 0.0859375
0 0.513671875 0.28125 0.10546875 0.1015625
0 0.650390625 0.197265625 0.07421875 0.05859375
0 0.291015625 0.58984375 0.07421875 0.125
0 0.205078125 0.77734375 0.05078125 0.0390625
0 0.109375 0.580078125 0.0859375 0.08984375
0 0.19140625 0.484375 0.0703125 0.0546875
0 0.30078125 0.4609375 0.0546875 0.09375
0 0.234375 0.40625 0.0390625 0.0625
0 0.4296875 0.833984375 0.3125 0.18359375
0 0.443359375 1.09375 0.14453125 0.15625
