3 0.12876254180602006 0.7424749163879598 0.17725752508361203 0.36789297658862874
3 0.34782608695652173 0.7508361204013377 0.23411371237458192 0.15719063545150502
3 0.41304347826086957 0.5585284280936454 0.2040133779264214 0.23411371237458192
3 0.8762541806020067 0.3277591973244147 0.1471571906354515 0.3076923076923077
3 0.802675585284281 0.3394648829431438 0.05351170568561873 0.06354515050167224
3 0.7809364548494984 0.4197324414715719 0.05016722408026756 0.08361204013377926
3 0.6204013377926422 0.43812709030100333 0.05016722408026756 0.07357859531772575
3 0.5719063545150501 0.3712374581939799 0.06020066889632107 0.06688963210702341
3 0.8210702341137124 0.19732441471571907 0.05016722408026756 0.07357859531772575
3 0.05852842809364548 0.45652173913043476 0.05016722408026756 0.08361204013377926
3 0.27591973244147155 0.5150501672240803 0.05016722408026756 0.07357859531772575
3 0.6939799331103679 0.5468227424749164 0.11036789297658862 0.1906354515050167
