3 0.3193979933110368 0.774247491638796 0.06354515050167224 0.06354515050167224
3 0.5418060200668896 0.9331103678929765 0.07357859531772575 0.06688963210702341
3 0.7976588628762542 0.8812709030100334 0.07692307692307693 0.07023411371237458
3 0.9096989966555183 0.8193979933110368 0.1806020066889632 0.1939799331103679
3 0.9732441471571907 0.7909698996655519 0.05351170568561873 0.06354515050167224
3 0.6806020066889632 0.5719063545150501 0.07023411371237458 0.06020066889632107
3 0.5702341137123745 0.5117056856187291 0.07692307692307693 0.06688963210702341
3 0.6822742474916388 0.37792642140468224 0.07357859531772575 0.06020066889632107
3 0.8478260869565217 0.3979933110367893 0.30434782608695654 0.27424749163879597
3 0.7374581939799331 0.4431438127090301 0.06354515050167224 0.06354515050167224
3 0.28595317725752506 0.28929765886287623 0.07692307692307693 0.06354515050167224
3 0.3595317725752508 0.4615384615384615 0.25752508361204013 0.26755852842809363
3 0.22742474916387959 0.5819397993311036 0.07357859531772575 0.06688963210702341
3 0.21070234113712374 0.6672240802675585 0.07357859531772575 0.07023411371237458
3 0.2391304347826087 0.03511705685618729 0.07692307692307693 0.06354515050167224
3 0.2140468227424749 0.18729096989966554 0.4013377926421405 0.2408026755852843
