1 0.48628257887517146 0.9118181818181819 0.026063100137174208 0.06
1 0.43209876543209874 0.6181818181818182 0.046639231824417 0.04
1 0.5068587105624143 0.5281818181818182 0.053497942386831275 0.04181818181818182
1 0.728395061728395 0.3390909090909091 0.04938271604938271 0.038181818181818185
1 0.7935528120713305 0.38181818181818183 0.026063100137174208 0.05818181818181818
1 0.9170096021947873 0.6645454545454546 0.03978052126200274 0.03090909090909091
1 0.9801097393689986 1.1172727272727272 0.053497942386831275 0.04181818181818182
1 0.6899862825788752 0.9245454545454546 0.0411522633744856 0.06363636363636363
1 0.7002743484224965 1.0027272727272727 0.026063100137174208 0.056363636363636366
1 0.5829903978052126 1.2672727272727273 0.046639231824417 0.03636363636363636
1 0.5150891632373114 1.231818181818182 0.028806584362139915 0.06727272727272728
1 0.5685871056241426 1.4363636363636363 0.028806584362139915 0.04363636363636364
1 0.6947873799725651 1.309090909090909 0.03978052126200274 0.04
