0 0.575390625 0.8265625 0.6492187500000001 1.1489583333333333
0 0.41015625 1.2359375 0.018750000000000003 0.042708333333333334
0 0.27890625 0.9 0.0171875 0.0375
0 0.23007812500000002 0.6510416666666666 0.014843750000000001 0.03125
0 0.28203125 0.7067708333333333 0.0203125 0.03229166666666666
0 0.333984375 0.7927083333333333 0.017968750000000002 0.035416666666666666
0 0.34296875000000004 0.7447916666666666 0.0171875 0.0375
0 0.389453125 0.8411458333333334 0.017968750000000002 0.028125
0 0.45742187500000003 0.8223958333333333 0.025781250000000002 0.026041666666666668
0 0.5125000000000001 0.8453125 0.026562500000000003 0.03229166666666666
0 0.478515625 0.7598958333333333 0.01640625 0.036458333333333336
0 0.47578125000000004 0.7223958333333333 0.021875000000000002 0.026041666666666668
0 0.494921875 0.7796875 0.01953125 0.02395833333333333
0 0.57265625 0.7817708333333333 0.026562500000000003 0.026041666666666668
0 0.5339843750000001 0.8973958333333333 0.025781250000000002 0.026041666666666668
0 0.5875 0.9364583333333333 0.026562500000000003 0.027083333333333334
0 0.76171875 0.9390625 0.018750000000000003 0.03229166666666666
