0 0.6796875 0.7734375 0.0546875 0.078125
0 0.759765625 0.662109375 0.07421875 0.12109375
0 0.546875 0.48046875 0.0703125 0.078125
0 0.267578125 0.59765625 0.08984375 0.109375
0 0.3359375 0.6875 0.0703125 0.1015625
0 0.33984375 0.2578125 0.109375 0.0625
0 0.431640625 0.326171875 0.07421875 0.04296875
0 0.466796875 0.2421875 0.05078125 0.0703125
0 0.919921875 0.51953125 0.11328125 0.0703125
0 0.50390625 0.380859375 0.03125 0.03515625
0 0.201171875 0.462890625 0.04296875 0.06640625
0 0.169921875 0.22265625 0.05078125 0.09375
0 0.42578125 0.53515625 0.0859375 0.0625
