0 1.201171875 0.6796875 0.08984375 0.109375
0 0.9296875 0.6953125 0.1640625 0.140625
0 0.9921875 0.845703125 0.109375 0.08984375
0 0.759765625 0.4140625 0.28515625 0.3515625
0 0.552734375 0.486328125 0.17578125 0.26953125
0 0.689453125 1.025390625 0.12890625 0.22265625
0 0.638671875 1.115234375 0.05078125 0.08203125
0 0.560546875 0.755859375 0.09765625 0.14453125
0 0.361328125 0.7265625 0.22265625 0.3125
0 0.263671875 0.44921875 0.17578125 0.15625
0 0.513671875 1.150390625 0.06640625 0.08984375
