0 0.3203125 0.943359375 0.203125 0.16015625
0 0.5390625 0.93359375 0.046875 0.0390625
0 0.4921875 0.802734375 0.046875 0.06640625
0 0.4140625 0.466796875 0.09375 0.13671875
0 0.59765625 0.484375 0.1796875 0.234375
0 0.888671875 0.498046875 0.37109375 0.26953125
0 0.609375 0.212890625 0.171875 0.12890625
0 0.6640625 0.3125 0.0625 0.046875
0 0.962890625 0.861328125 0.19140625 0.11328125
0 1.134765625 0.46875 0.09765625 0.09375
0 0.59765625 1.060546875 0.0625 0.06640625
0 0.5078125 1.1328125 0.078125 0.046875
