0 0.95703125 1.060546875 0.1328125 0.14453125
0 0.4609375 0.837890625 0.09375 0.06640625
0 0.662109375 0.578125 0.12890625 0.1015625
0 0.8203125 0.556640625 0.078125 0.05859375
0 0.8984375 0.404296875 0.15625 0.17578125
0 0.49609375 0.3046875 0.1015625 0.1328125
0 0.455078125 0.671875 0.14453125 0.0859375
0 0.96875 0.6640625 0.1328125 0.078125
0 1.001953125 0.8359375 0.22265625 0.1328125
0 0.6328125 1.04296875 0.3203125 0.2265625
0 1.13671875 0.828125 0.0625 0.046875
0 0.943359375 0.517578125 0.05078125 0.05078125
0 0.455078125 0.55078125 0.09765625 0.078125
0 0.310546875 0.728515625 0.21484375 0.23046875
0 0.36328125 0.396484375 0.0859375 0.11328125
