0 1.146484375 0.634765625 0.12890625 0.14453125
0 0.70703125 0.953125 0.09375 0.0625
0 0.583984375 0.6484375 0.12890625 0.1015625
0 0.640625 0.501953125 0.078125 0.05859375
0 0.548828125 0.357421875 0.16015625 0.17578125
0 0.26171875 0.65625 0.1015625 0.1328125
0 0.560546875 0.875 0.14453125 0.0859375
0 0.80859375 0.42578125 0.1328125 0.078125
0 0.974609375 0.482421875 0.22265625 0.12890625
0 0.96875 0.90625 0.3203125 0.2265625
0 1.03515625 0.36328125 0.0625 0.046875
0 0.669921875 0.373046875 0.05078125 0.05078125
0 0.455078125 0.8125 0.09765625 0.078125
0 0.53515625 1.029296875 0.2109375 0.23046875
0 0.275390625 0.81640625 0.08984375 0.1171875
