0 0.802734375 1.0078125 0.23046875 0.2109375
0 0.751953125 0.689453125 0.08203125 0.14453125
0 1.083984375 0.513671875 0.10546875 0.10546875
0 1.169921875 0.650390625 0.05859375 0.07421875
0 0.77734375 0.291015625 0.125 0.07421875
0 0.58984375 0.205078125 0.0390625 0.05078125
0 0.78515625 0.109375 0.09375 0.0859375
0 0.880859375 0.19140625 0.05859375 0.0703125
0 0.904296875 0.30078125 0.08984375 0.0546875
0 0.958984375 0.234375 0.05859375 0.0390625
0 0.53125 0.4296875 0.1796875 0.3125
0 0.2734375 0.443359375 0.15625 0.14453125
