0 0.66796875 0.78125 0.25 0.25
0 0.412109375 0.71484375 0.08203125 0.21875
0 0.201171875 0.5390625 0.31640625 0.140625
0 0.42578125 0.421875 0.171875 0.125
0 0.427734375 0.353515625 0.08984375 0.10546875
0 0.68359375 0.365234375 0.0859375 0.10546875
0 0.779296875 0.4921875 0.08203125 0.109375
0 0.89453125 0.78125 0.2109375 0.171875
0 0.8828125 0.962890625 0.140625 0.07421875
0 0.826171875 0.20703125 0.18359375 0.21875
0 0.201171875 0.126953125 0.18359375 0.14453125
0 0.375 0.19140625 0.0703125 0.140625
0 0.451171875 0.115234375 0.11328125 0.12890625
0 0.529296875 0.3359375 0.11328125 0.078125
