0 0.841796875 0.396484375 0.22265625 0.22265625
0 0.912109375 0.650390625 0.19140625 0.11328125
0 0.8671875 0.923828125 0.1640625 0.27734375
0 0.65234375 0.787109375 0.109375 0.15234375
0 0.591796875 0.818359375 0.09765625 0.08203125
0 0.474609375 0.58984375 0.09765625 0.078125
0 0.537109375 0.4453125 0.09765625 0.078125
0 0.728515625 0.201171875 0.15234375 0.18359375
0 0.892578125 0.12109375 0.07421875 0.125
0 0.265625 0.546875 0.1953125 0.1640625
0 0.509765625 1.12890625 0.12890625 0.1640625
0 0.478515625 0.947265625 0.12890625 0.07421875
0 0.375 0.91796875 0.1171875 0.1015625
0 0.52734375 0.73828125 0.0703125 0.1015625
