3 0.08193979933110368 0.34448160535117056 0.12374581939799331 0.11371237458193979
3 0.3210702341137124 0.23745819397993312 0.14046822742474915 0.15384615384615385
3 0.7040133779264214 0.18227424749163879 0.15719063545150502 0.13712374581939799
3 0.5735785953177257 0.41638795986622074 0.11705685618729096 0.14381270903010032
3 0.4866220735785953 0.6822742474916388 0.05016722408026756 0.06688963210702341
3 0.7341137123745819 0.6622073578595318 0.05016722408026756 0.0802675585284281
3 0.44481605351170567 0.4782608695652174 0.06020066889632107 0.06688963210702341
3 0.4096989966555184 0.32441471571906355 0.05016722408026756 0.06020066889632107
3 0.19732441471571907 0.27424749163879597 0.046822742474916385 0.06688963210702341
3 0.15384615384615385 0.6270903010033445 0.046822742474916385 0.06354515050167224
3 0.2040133779264214 0.7692307692307692 0.06020066889632107 0.06688963210702341
3 0.18729096989966554 0.9765886287625418 0.05351170568561873 0.04013377926421405
