3 0.2625418060200669 0.6638795986622074 0.05016722408026756 0.07023411371237458
3 0.5117056856187291 0.677257525083612 0.06020066889632107 0.07692307692307693
3 0.8444816053511706 0.6270903010033445 0.05016722408026756 0.06354515050167224
3 0.8060200668896321 0.9749163879598662 0.046822742474916385 0.05016722408026756
3 0.794314381270903 0.7725752508361204 0.07023411371237458 0.09364548494983277
3 0.5568561872909699 0.4765886287625418 0.05016722408026756 0.08361204013377926
3 0.4331103678929766 0.41471571906354515 0.13712374581939799 0.14046822742474915
3 0.2926421404682274 0.1906354515050167 0.16387959866220736 0.1471571906354515
3 0.6755852842809364 0.23745819397993312 0.15384615384615385 0.15384615384615385
3 0.7993311036789298 0.27424749163879597 0.046822742474916385 0.06688963210702341
3 0.9130434782608695 0.3394648829431438 0.13377926421404682 0.12374581939799331
3 0.5852842809364548 0.3210702341137124 0.06020066889632107 0.06688963210702341
