3 0.23578595317725753 0.391304347826087 0.12374581939799331 0.2140468227424749
3 0.3996655518394649 0.5518394648829431 0.0903010033444816 0.1471571906354515
3 0.6237458193979933 0.5585284280936454 0.17725752508361203 0.20066889632107024
3 0.6872909698996655 0.7090301003344481 0.1705685618729097 0.1471571906354515
3 0.8461538461538461 0.7006688963210702 0.14046822742474915 0.2709030100334448
3 0.7408026755852842 0.5217391304347826 0.043478260869565216 0.05351170568561873
3 0.9180602006688963 0.47324414715719065 0.043478260869565216 0.056856187290969896
3 0.4615384615384615 0.45819397993311034 0.05351170568561873 0.05351170568561873
3 0.49498327759197325 0.4096989966555184 0.046822742474916385 0.06354515050167224
3 0.294314381270903 0.26588628762541805 0.046822742474916385 0.056856187290969896
3 0.04180602006688963 0.7307692307692307 0.07692307692307693 0.13043478260869565
