3 0.19899665551839466 0.7207357859531772 0.043478260869565216 0.07023411371237458
3 0.3193979933110368 0.7775919732441472 0.13043478260869565 0.11705685618729096
3 0.41304347826086957 0.6755852842809364 0.056856187290969896 0.07357859531772575
3 0.7023411371237458 0.8127090301003345 0.14046822742474915 0.12040133779264214
3 0.5668896321070234 0.5852842809364548 0.13043478260869565 0.13377926421404682
3 0.07692307692307693 0.6555183946488294 0.14046822742474915 0.12709030100334448
3 0.15384615384615385 0.3712374581939799 0.05351170568561873 0.06020066889632107
3 0.4866220735785953 0.3110367892976589 0.056856187290969896 0.07357859531772575
3 0.7374581939799331 0.3311036789297659 0.05016722408026756 0.07357859531772575
3 0.205685618729097 0.22909698996655517 0.07692307692307693 0.08361204013377926
3 0.1939799331103679 0.021739130434782608 0.05351170568561873 0.03678929765886287
3 0.44648829431438125 0.520066889632107 0.05016722408026756 0.08361204013377926
