3 0.24749163879598662 0.6153846153846154 0.10702341137123746 0.23411371237458192
3 0.2926421404682274 0.7307692307692307 0.05016722408026756 0.056856187290969896
3 0.3093645484949833 0.6153846153846154 0.043478260869565216 0.06688963210702341
3 0.32608695652173914 0.5568561872909699 0.03678929765886287 0.05016722408026756
3 0.40301003344481606 0.4531772575250836 0.09698996655518395 0.13712374581939799
3 0.4598662207357859 0.5451505016722408 0.043478260869565216 0.046822742474916385
3 0.4983277591973244 0.5869565217391304 0.046822742474916385 0.056856187290969896
3 0.6270903010033445 0.46822742474916385 0.1705685618729097 0.14046822742474915
3 0.7391304347826086 0.479933110367893 0.04013377926421405 0.056856187290969896
3 0.9180602006688963 0.5250836120401338 0.043478260869565216 0.05351170568561873
3 0.6739130434782609 0.28762541806020064 0.2040133779264214 0.1471571906354515
3 0.8561872909698997 0.30434782608695654 0.13377926421404682 0.2809364548494983
3 0.04180602006688963 0.2625418060200669 0.07692307692307693 0.12374581939799331
