3 0.11872909698996656 0.6688963210702341 0.14381270903010032 0.31438127090301005
3 0.17892976588628762 0.802675585284281 0.056856187290969896 0.06688963210702341
3 0.1939799331103679 0.6555183946488294 0.05351170568561873 0.06688963210702341
3 0.21906354515050167 0.5819397993311036 0.056856187290969896 0.06688963210702341
3 0.3846153846153846 0.5551839464882943 0.06020066889632107 0.0802675585284281
3 0.42642140468227424 0.6204013377926422 0.056856187290969896 0.07692307692307693
3 0.3076923076923077 0.4531772575250836 0.12040133779264214 0.17725752508361203
3 0.5852842809364548 0.45819397993311034 0.22073578595317725 0.20735785953177258
3 0.7224080267558528 0.48494983277591974 0.046822742474916385 0.06688963210702341
3 0.9397993311036789 0.5418060200668896 0.05351170568561873 0.07357859531772575
3 0.8528428093645485 0.2608695652173913 0.17391304347826086 0.35451505016722407
3 0.6505016722408027 0.25585284280936454 0.23745819397993312 0.1906354515050167
