3 0.7608695652173912 0.9665551839464883 0.08361204013377926 0.06020066889632107
3 0.7140468227424749 0.7073578595317725 0.07692307692307693 0.06354515050167224
3 0.782608695652174 0.8043478260869565 0.39464882943143814 0.23745819397993312
3 0.31438127090301005 0.6204013377926422 0.07357859531772575 0.056856187290969896
3 0.26421404682274247 0.5585284280936454 0.06020066889632107 0.06020066889632107
3 0.12207357859531773 0.5969899665551839 0.23745819397993312 0.25752508361204013
3 0.42642140468227424 0.4816053511705686 0.07692307692307693 0.07357859531772575
3 0.6321070234113713 0.540133779264214 0.26755852842809363 0.27759197324414714
3 0.32274247491638797 0.4297658862876254 0.07692307692307693 0.06354515050167224
3 0.030100334448160536 0.2040133779264214 0.05351170568561873 0.06020066889632107
3 0.11036789297658862 0.17892976588628762 0.2140468227424749 0.1906354515050167
3 0.1923076923076923 0.11538461538461538 0.0903010033444816 0.07023411371237458
3 0.4598662207357859 0.06521739130434782 0.07692307692307693 0.056856187290969896
3 0.6839464882943144 0.21739130434782608 0.08361204013377926 0.06688963210702341
3 0.7909698996655519 0.3311036789297659 0.07692307692307693 0.07357859531772575
3 0.7725752508361204 0.41471571906354515 0.0802675585284281 0.06688963210702341
