3 0.25752508361204013 0.1354515050167224 0.34782608695652173 0.1705685618729097
3 0.25418060200668896 0.3411371237458194 0.1939799331103679 0.22073578595317725
3 0.43645484949832775 0.41471571906354515 0.24414715719063546 0.2140468227424749
3 0.45652173913043476 0.6889632107023411 0.16387959866220736 0.11371237458193979
3 0.6688963210702341 0.8812709030100334 0.3076923076923077 0.14381270903010032
3 0.8010033444816054 0.8193979933110368 0.07023411371237458 0.046822742474916385
3 0.580267558528428 0.782608695652174 0.06354515050167224 0.046822742474916385
3 0.657190635451505 0.8043478260869565 0.06354515050167224 0.05016722408026756
3 0.5618729096989966 0.617056856187291 0.07357859531772575 0.056856187290969896
3 0.6237458193979933 0.5735785953177257 0.07023411371237458 0.05016722408026756
3 0.48494983277591974 0.27759197324414714 0.06688963210702341 0.046822742474916385
3 0.5451505016722408 0.06020066889632107 0.07357859531772575 0.046822742474916385
