0 0.935546875 1.05859375 0.05859375 0.046875
0 0.916015625 1.224609375 0.05078125 0.04296875
0 0.693359375 1.12890625 0.05859375 0.0390625
0 0.755859375 1.01171875 0.04296875 0.0390625
0 0.5234375 0.85546875 0.046875 0.0390625
0 0.619140625 0.861328125 0.05078125 0.03515625
0 0.751953125 0.8203125 0.04296875 0.0390625
0 0.849609375 0.607421875 0.06640625 0.04296875
0 0.9453125 0.513671875 0.0703125 0.04296875
0 1.056640625 0.466796875 0.03515625 0.04296875
0 1.138671875 0.435546875 0.06640625 0.04296875
0 1.3125 0.4921875 0.0546875 0.03125
0 0.986328125 0.796875 0.03515625 0.046875
0 1.03515625 0.73828125 0.0546875 0.03125
0 1.0078125 0.689453125 0.0390625 0.05078125
0 1.1015625 0.86328125 0.0390625 0.0390625
0 1.1171875 0.79296875 0.03125 0.0546875
0 0.630859375 0.69140625 0.03515625 0.046875
0 0.638671875 0.625 0.04296875 0.0546875
0 0.638671875 0.50390625 0.05078125 0.0390625
0 0.263671875 0.712890625 0.04296875 0.04296875
0 0.283203125 0.65234375 0.04296875 0.0390625
0 0.384765625 0.693359375 0.05078125 0.04296875
