0 0.7458333333333333 0.35572916666666665 0.13958333333333334 0.040625
0 0.7427083333333333 0.4890625 0.1375 0.09895833333333333
0 1.0755208333333333 0.39609375 0.084375 0.024479166666666666
0 0.48593749999999997 0.509375 0.03854166666666667 0.03333333333333333
0 1.2822916666666666 0.5122395833333333 0.26458333333333334 0.15677083333333333
0 1.0723958333333332 0.6716145833333333 0.3927083333333333 0.14010416666666667
0 1.2375 0.37890625 0.07916666666666666 0.027604166666666666
0 1.0640625 0.22708333333333333 0.059375 0.051041666666666666
0 1.2375 0.2942708333333333 0.04791666666666666 0.03229166666666666
0 1.3677083333333333 0.26979166666666665 0.1125 0.096875
