0 1.1229166666666666 0.25104166666666666 0.13958333333333334 0.040625
0 0.890625 0.31614583333333335 0.1375 0.09895833333333333
0 1.2182291666666667 0.41380208333333335 0.084375 0.024479166666666666
0 0.7265625 0.21510416666666665 0.03854166666666667 0.03333333333333333
0 1.1197916666666667 0.5611979166666666 0.26458333333333334 0.15677083333333333
0 0.7390625 0.5502604166666667 0.3927083333333333 0.14010416666666667
0 1.328125 0.4752604166666667 0.07916666666666666 0.027604166666666666
0 1.5046875 0.32447916666666665 0.059375 0.051041666666666666
0 1.475 0.4328125 0.04791666666666666 0.03229166666666666
0 1.5822916666666667 0.4770833333333333 0.1125 0.096875
