1 0.5728542914171656 0.6605351170568562 0.031936127744510975 0.11036789297658862
1 0.6217564870259481 0.568561872909699 0.02594810379241517 0.10702341137123746
1 0.5568862275449101 0.37792642140468224 0.06387225548902195 0.04013377926421405
1 0.5199600798403193 0.451505016722408 0.02994011976047904 0.10033444816053512
1 0.5039920159680639 0.5535117056856187 0.03393213572854291 0.10367892976588629
1 0.03293413173652694 0.21070234113712374 0.06187624750499002 0.033444816053511704
1 0.17065868263473052 0.13879598662207357 0.06586826347305388 0.056856187290969896
1 0.217564870259481 0.3294314381270903 0.06786427145708582 0.043478260869565216
1 0.46906187624750495 0.49498327759197325 0.02395209580838323 0.10702341137123746
1 0.4401197604790419 0.5016722408026756 0.03393213572854291 0.0802675585284281
1 0.31536926147704586 0.5668896321070234 0.0718562874251497 0.03678929765886287
1 0.2395209580838323 0.5501672240802675 0.0279441117764471 0.11036789297658862
1 0.2524950099800399 0.4598662207357859 0.041916167664670656 0.10367892976588629
1 0.28443113772455086 0.48327759197324416 0.017964071856287425 0.10367892976588629
1 0.312375249500998 0.5033444816053512 0.041916167664670656 0.0903010033444816
1 0.32235528942115765 0.46655518394648826 0.049900199600798396 0.08361204013377926
1 0.3073852295409181 0.40635451505016723 0.06786427145708582 0.056856187290969896
