1 0.6277445109780438 0.9498327759197325 0.057884231536926144 0.06020066889632107
1 0.6047904191616766 0.8344481605351171 0.0558882235528942 0.056856187290969896
1 0.4740518962075848 0.8311036789297659 0.03393213572854291 0.09698996655518395
1 0.49401197604790414 0.923076923076923 0.05389221556886227 0.05351170568561873
1 0.5389221556886227 0.9966555183946488 0.0558882235528942 0.05351170568561873
1 0.12574850299401197 1.5083612040133778 0.031936127744510975 0.09364548494983277
1 0.15668662674650696 1.2725752508361203 0.03393213572854291 0.09698996655518395
1 0.27944111776447106 1.3010033444816054 0.03592814371257485 0.10033444816053512
1 0.4900199600798403 1.0183946488294313 0.057884231536926144 0.056856187290969896
1 0.4790419161676646 1.0635451505016722 0.04391217564870259 0.05351170568561873
1 0.45009980039920156 1.2775919732441472 0.03792415169660678 0.10702341137123746
1 0.40419161676646703 1.3779264214046822 0.057884231536926144 0.06020066889632107
1 0.36327345309381237 1.31438127090301 0.0558882235528942 0.06688963210702341
1 0.39121756487025944 1.2792642140468227 0.0558882235528942 0.056856187290969896
1 0.41616766467065863 1.2491638795986622 0.049900199600798396 0.06354515050167224
1 0.4021956087824351 1.2157190635451505 0.04590818363273453 0.07692307692307693
1 0.36327345309381237 1.2073578595317727 0.03592814371257485 0.10033444816053512
