1 0.3373253493013972 1.0167224080267558 0.06387225548902195 0.05351170568561873
1 0.3712574850299401 1.125418060200669 0.06387225548902195 0.043478260869565216
1 0.5009980039920159 1.088628762541806 0.02395209580838323 0.10367892976588629
1 0.4720558882235529 1.0050167224080266 0.057884231536926144 0.05016722408026756
1 0.4201596806387225 0.9448160535117057 0.06187624750499002 0.056856187290969896
1 0.7734530938123751 0.3210702341137124 0.021956087824351295 0.10033444816053512
1 0.7674650698602794 0.5618729096989966 0.03393213572854291 0.10702341137123746
1 0.6437125748502993 0.5719063545150501 0.02594810379241517 0.10702341137123746
1 0.4640718562874251 0.9113712374581939 0.06187624750499002 0.043478260869565216
1 0.4710578842315369 0.8645484949832776 0.04790419161676646 0.056856187290969896
1 0.4770459081836327 0.6438127090301003 0.0279441117764471 0.11705685618729096
1 0.5129740518962076 0.5317725752508361 0.06387225548902195 0.046822742474916385
1 0.5588822355289421 0.5819397993311036 0.05988023952095808 0.06688963210702341
1 0.5349301397205588 0.6254180602006689 0.05988023952095808 0.04013377926421405
1 0.5139720558882235 0.6605351170568562 0.05389221556886227 0.07023411371237458
1 0.5309381237524949 0.6906354515050167 0.04790419161676646 0.08361204013377926
1 0.5698602794411177 0.6872909698996655 0.03393213572854291 0.11036789297658862
