1 0.647887323943662 0.5535714285714285 0.025039123630672927 0.018907563025210083
1 0.687793427230047 0.5808823529411764 0.023474178403755867 0.02310924369747899
1 0.6862284820031299 0.7626050420168067 0.026604068857589987 0.025210084033613446
1 0.6643192488262911 0.6880252100840336 0.026604068857589987 0.02310924369747899
1 0.647887323943662 0.8445378151260504 0.025039123630672927 0.029411764705882353
1 0.6244131455399061 0.8172268907563025 0.025039123630672927 0.021008403361344536
1 0.6071987480438185 0.8046218487394957 0.025039123630672927 0.021008403361344536
1 0.6564945226917058 0.7762605042016807 0.03286384976525822 0.0273109243697479
1 0.6533646322378717 0.75 0.026604068857589987 0.021008403361344536
1 0.5696400625978091 0.8497899159663865 0.018779342723004695 0.031512605042016806
1 0.5790297339593115 0.7909663865546218 0.02190923317683881 0.02310924369747899
1 0.5688575899843505 0.7510504201680672 0.023474178403755867 0.018907563025210083
1 0.5563380281690141 0.7342436974789915 0.017214397496087636 0.02310924369747899
1 0.5907668231611893 0.6386554621848739 0.0297339593114241 0.029411764705882353
1 0.6103286384976526 0.6407563025210083 0.02190923317683881 0.025210084033613446
