1 0.6752873563218391 1.0115979381443299 0.026436781609195402 0.07474226804123711
1 0.6172413793103448 0.45103092783505155 0.020689655172413793 0.061855670103092786
1 0.6459770114942529 0.45618556701030927 0.03218390804597701 0.041237113402061855
1 0.5988505747126437 0.3582474226804124 0.03908045977011494 0.05154639175257732
1 0.542528735632184 0.4497422680412371 0.029885057471264367 0.059278350515463915
1 0.5298850574712644 0.38273195876288657 0.016091954022988506 0.04381443298969072
1 0.5040229885057471 0.3324742268041237 0.026436781609195402 0.04639175257731959
1 0.4477011494252873 0.36597938144329895 0.01954022988505747 0.03608247422680412
1 0.4942528735632184 0.8582474226804123 0.020689655172413793 0.041237113402061855
1 0.5005747126436781 0.672680412371134 0.02413793103448276 0.03608247422680412
1 0.3867816091954023 0.788659793814433 0.026436781609195402 0.05154639175257732
1 0.4057471264367816 0.7719072164948454 0.013793103448275862 0.05412371134020619
1 0.4235632183908046 0.7667525773195876 0.017241379310344827 0.028350515463917526
1 0.4051724137931034 0.6353092783505154 0.02413793103448276 0.03865979381443299
1 0.39482758620689656 0.5811855670103092 0.014942528735632184 0.04381443298969072
1 0.48275862068965514 0.9381443298969072 0.01839080459770115 0.07216494845360824
1 0.5189655172413793 1.018041237113402 0.026436781609195402 0.05670103092783505
1 0.6316091954022989 0.7074742268041238 0.04252873563218391 0.05412371134020619
1 0.5810344827586207 0.5979381443298969 0.017241379310344827 0.030927835051546393
1 0.735632183908046 0.7242268041237113 0.027586206896551724 0.03608247422680412
1 0.7632183908045977 0.7809278350515464 0.029885057471264367 0.04639175257731959
