1 0.7899449035812672 1.0587084148727983 0.015151515151515152 0.023483365949119372
1 0.7548209366391185 1.0391389432485323 0.02203856749311295 0.019569471624266144
1 0.7451790633608816 0.9765166340508806 0.01928374655647383 0.015655577299412915
1 0.7692837465564738 0.9530332681017613 0.023415977961432508 0.019569471624266144
1 0.7871900826446281 0.9041095890410958 0.023415977961432508 0.019569471624266144
1 0.7011019283746557 0.8835616438356164 0.01928374655647383 0.025440313111545987
1 0.7245179063360881 0.9540117416829745 0.02203856749311295 0.01761252446183953
1 0.6990358126721763 1.009784735812133 0.015151515151515152 0.03131115459882583
1 0.6797520661157025 1.0391389432485323 0.01790633608815427 0.03131115459882583
1 0.6411845730027549 0.9951076320939334 0.02066115702479339 0.01761252446183953
1 0.6060606060606061 1.0127201565557729 0.01928374655647383 0.025440313111545987
1 0.6556473829201102 1.086105675146771 0.01652892561983471 0.015655577299412915
