1 0.7451790633608816 0.45401174168297453 0.01652892561983471 0.023483365949119372
1 0.731404958677686 0.5048923679060665 0.013774104683195593 0.03131115459882583
1 0.6873278236914601 0.5176125244618395 0.011019283746556474 0.025440313111545987
1 0.6707988980716254 0.48336594911937375 0.013774104683195593 0.03131115459882583
1 0.6363636363636364 0.45890410958904104 0.013774104683195593 0.033268101761252444
1 0.621900826446281 0.5812133072407044 0.01790633608815427 0.0273972602739726
1 0.6714876033057852 0.5469667318982387 0.012396694214876033 0.029354207436399216
1 0.7107438016528926 0.5831702544031311 0.02203856749311295 0.023483365949119372
1 0.731404958677686 0.6095890410958904 0.02203856749311295 0.025440313111545987
1 0.7004132231404959 0.6643835616438356 0.012396694214876033 0.029354207436399216
1 0.7128099173553719 0.7152641878669276 0.01790633608815427 0.029354207436399216
1 0.7644628099173554 0.6448140900195695 0.011019283746556474 0.025440313111545987
