1 0.5544077134986226 1.25146771037182 0.015151515151515152 0.021526418786692758
1 0.5482093663911846 1.197651663405088 0.02203856749311295 0.019569471624266144
1 0.5826446280991736 1.1545988258317026 0.01928374655647383 0.015655577299412915
1 0.6081267217630855 1.1741682974559686 0.023415977961432508 0.019569471624266144
1 0.6473829201101928 1.1702544031311155 0.024793388429752067 0.019569471624266144
1 0.6170798898071626 1.053816046966732 0.01928374655647383 0.025440313111545987
1 0.5853994490358126 1.1183953033268101 0.02203856749311295 0.01761252446183953
1 0.5385674931129477 1.11545988258317 0.01652892561983471 0.03131115459882583
1 0.5117079889807162 1.1066536203522503 0.01790633608815427 0.029354207436399216
1 0.5199724517906337 1.0362035225048922 0.02066115702479339 0.01761252446183953
1 0.4903581267217631 1.0029354207436398 0.01928374655647383 0.025440313111545987
1 0.4703856749311295 1.0998043052837572 0.01790633608815427 0.015655577299412915
