1 0.5716253443526171 0.6950757575757576 0.05509641873278237 0.045454545454545456
1 0.5020661157024794 0.6780303030303031 0.06198347107438017 0.04924242424242424
1 0.550275482093664 0.8134469696969697 0.05922865013774105 0.04734848484848485
1 0.4889807162534435 0.84375 0.05785123966942149 0.04734848484848485
1 0.4318181818181818 0.8333333333333334 0.03168044077134986 0.07196969696969698
1 0.5358126721763086 0.8768939393939394 0.06060606060606061 0.04924242424242424
1 0.5516528925619835 0.9034090909090909 0.045454545454545456 0.03787878787878788
1 0.6391184573002755 1.0142045454545454 0.03305785123966942 0.07765151515151515
1 0.668732782369146 1.1060606060606062 0.06198347107438017 0.04924242424242424
1 0.6129476584022039 1.1278409090909092 0.05509641873278237 0.05113636363636364
1 0.6101928374655647 1.081439393939394 0.05509641873278237 0.045454545454545456
1 0.6074380165289256 1.0445075757575757 0.049586776859504134 0.04734848484848485
1 0.5840220385674931 1.050189393939394 0.049586776859504134 0.054924242424242424
1 0.5578512396694215 1.0928030303030303 0.03305785123966942 0.07575757575757576
1 0.5585399449035813 1.222537878787879 0.03168044077134986 0.07386363636363637
1 0.5743801652892562 0.9763257575757576 0.05509641873278237 0.04734848484848485
1 0.5771349862258953 1.4820075757575757 0.04132231404958678 0.09659090909090909
1 0.47520661157024796 1.3598484848484849 0.030303030303030304 0.07196969696969698
