1 0.42424242424242425 0.90625 0.06060606060606061 0.03598484848484849
1 0.46005509641873277 0.9914772727272727 0.06611570247933884 0.03598484848484849
1 0.5034435261707989 0.853219696969697 0.06473829201101929 0.03977272727272727
1 0.5612947658402204 0.8986742424242424 0.06198347107438017 0.03598484848484849
1 0.5915977961432507 0.9649621212121212 0.026170798898071626 0.07765151515151515
1 0.5488980716253443 0.8276515151515151 0.06473829201101929 0.03409090909090909
1 0.5537190082644629 0.7935606060606061 0.049586776859504134 0.03409090909090909
1 0.5585399449035813 0.6306818181818182 0.023415977961432508 0.08333333333333334
1 0.5915977961432507 0.5397727272727273 0.0674931129476584 0.03409090909090909
1 0.6398071625344353 0.5842803030303031 0.05922865013774105 0.054924242424242424
1 0.615702479338843 0.6174242424242424 0.06060606060606061 0.030303030303030304
1 0.5964187327823691 0.6439393939393939 0.05234159779614325 0.04924242424242424
1 0.6150137741046832 0.6638257575757576 0.05371900826446281 0.058712121212121215
1 0.6556473829201102 0.665719696969697 0.03305785123966942 0.08143939393939394
1 0.7258953168044078 0.5814393939393939 0.030303030303030304 0.07954545454545454
1 0.5792011019283747 0.7225378787878788 0.05922865013774105 0.05113636363636364
1 0.859504132231405 0.39488636363636365 0.027548209366391185 0.10416666666666667
1 0.8567493112947658 0.5804924242424243 0.030303030303030304 0.07765151515151515
