1 0.30625 1.125925925925926 0.020833333333333336 0.040740740740740744
1 0.2520833333333333 1.1481481481481481 0.02638888888888889 0.022222222222222223
1 0.3576388888888889 0.7574074074074074 0.015277777777777779 0.03333333333333333
1 0.3826388888888889 0.737962962962963 0.020833333333333336 0.0462962962962963
1 0.34652777777777777 0.6092592592592593 0.034722222222222224 0.02962962962962963
1 0.4979166666666667 0.5907407407407408 0.02361111111111111 0.05185185185185186
1 0.5 0.27314814814814814 0.02777777777777778 0.053703703703703705
1 0.638888888888889 0.34814814814814815 0.022222222222222223 0.04814814814814815
1 0.8465277777777778 0.6277777777777778 0.04027777777777778 0.03333333333333333
1 0.8506944444444445 0.5388888888888889 0.029166666666666667 0.022222222222222223
1 0.9416666666666667 0.687962962962963 0.016666666666666666 0.03888888888888889
1 0.7131944444444445 1.1240740740740742 0.02638888888888889 0.05925925925925926
1 0.7354166666666667 1.2407407407407407 0.02361111111111111 0.04814814814814815
1 0.5520833333333334 0.8694444444444445 0.020833333333333336 0.0462962962962963
1 0.6284722222222222 0.812962962962963 0.0375 0.02962962962962963
1 0.55625 0.6583333333333333 0.029166666666666667 0.024074074074074074
1 0.5284722222222222 0.7416666666666667 0.02638888888888889 0.03888888888888889
1 0.5229166666666667 0.8694444444444445 0.034722222222222224 0.02777777777777778
1 0.4166666666666667 0.7990740740740742 0.03333333333333333 0.03888888888888889
1 0.45625000000000004 0.7962962962962963 0.0375 0.02962962962962963
1 0.4173611111111111 1.2092592592592593 0.020833333333333336 0.044444444444444446
1 0.3 1.0064814814814815 0.016666666666666666 0.03518518518518519
1 0.2576388888888889 0.6564814814814816 0.02638888888888889 0.020370370370370372
1 0.8131944444444444 1.0518518518518518 0.029166666666666667 0.03333333333333333
1 0.7875 1.1027777777777779 0.022222222222222223 0.05
1 0.6173611111111111 1.2555555555555555 0.0375 0.02962962962962963
1 0.7347222222222223 1.4120370370370372 0.030555555555555558 0.024074074074074074
1 0.6541666666666667 0.6870370370370371 0.025 0.018518518518518517
