1 0.7493055555555556 0.44074074074074077 0.02361111111111111 0.044444444444444446
1 0.7993055555555556 0.4064814814814815 0.029166666666666667 0.024074074074074074
1 0.7458333333333333 0.8157407407407408 0.016666666666666666 0.03518518518518519
1 0.7243055555555555 0.8416666666666667 0.015277777777777779 0.05
1 0.7763888888888889 0.9592592592592593 0.03888888888888889 0.03333333333333333
1 0.6305555555555555 1.012037037037037 0.016666666666666666 0.05740740740740741
1 0.6687500000000001 1.325925925925926 0.029166666666666667 0.05925925925925926
1 0.5229166666666667 1.2851851851851852 0.02361111111111111 0.05185185185185186
1 0.28194444444444444 1.0574074074074074 0.044444444444444446 0.02592592592592593
1 0.2888888888888889 1.1453703703703704 0.030555555555555558 0.016666666666666666
1 0.18055555555555555 1.0203703703703704 0.016666666666666666 0.040740740740740744
1 0.3479166666666667 0.5370370370370371 0.018055555555555557 0.06296296296296297
1 0.3111111111111111 0.4277777777777778 0.025 0.05185185185185186
1 0.5395833333333333 0.750925925925926 0.015277777777777779 0.05
1 0.4715277777777778 0.8231481481481482 0.04027777777777778 0.020370370370370372
1 0.5638888888888889 0.9592592592592593 0.03333333333333333 0.02592592592592593
1 0.5805555555555556 0.8712962962962963 0.02777777777777778 0.04259259259259259
1 0.56875 0.7444444444444445 0.0375 0.02962962962962963
1 0.6833333333333333 0.788888888888889 0.036111111111111115 0.040740740740740744
1 0.64375 0.8 0.04027777777777778 0.02592592592592593
1 0.6291666666666667 0.3851851851851852 0.022222222222222223 0.04814814814814815
1 0.7708333333333334 0.5583333333333333 0.016666666666666666 0.03888888888888889
1 0.8583333333333334 0.8925925925925926 0.02777777777777778 0.022222222222222223
1 0.2590277777777778 0.6314814814814815 0.03194444444444445 0.037037037037037035
1 0.27847222222222223 0.5768518518518518 0.015277777777777779 0.053703703703703705
1 0.4256944444444445 0.3851851851851852 0.04027777777777778 0.02592592592592593
1 0.28958333333333336 0.25833333333333336 0.03194444444444445 0.020370370370370372
1 0.46319444444444446 0.9537037037037037 0.02638888888888889 0.018518518518518517
