1 0.9652777777777778 0.6861111111111111 0.030555555555555558 0.02777777777777778
1 1.0208333333333335 0.7027777777777778 0.016666666666666666 0.03518518518518519
1 0.7819444444444444 0.9712962962962963 0.025 0.020370370370370372
1 0.7534722222222222 0.9731481481481482 0.034722222222222224 0.02777777777777778
1 0.7361111111111112 1.1074074074074074 0.022222222222222223 0.04814814814814815
1 0.5986111111111111 1.0231481481481481 0.03888888888888889 0.031481481481481485
1 0.47708333333333336 1.2962962962962963 0.04027777777777778 0.037037037037037035
1 0.38472222222222224 1.1388888888888888 0.036111111111111115 0.02962962962962963
1 0.3104166666666667 0.7583333333333334 0.02361111111111111 0.053703703703703705
1 0.2729166666666667 0.8324074074074075 0.018055555555555557 0.03888888888888889
1 0.25069444444444444 0.6425925925925926 0.029166666666666667 0.022222222222222223
1 0.6125 0.4175925925925926 0.044444444444444446 0.03518518518518519
1 0.6361111111111112 0.30092592592592593 0.036111111111111115 0.031481481481481485
1 0.65625 0.7435185185185186 0.034722222222222224 0.02777777777777778
1 0.5680555555555555 0.7416666666666667 0.022222222222222223 0.05
1 0.5729166666666667 0.9240740740740742 0.018055555555555557 0.040740740740740744
1 0.6284722222222222 0.8712962962962963 0.029166666666666667 0.03518518518518519
1 0.68125 0.7648148148148148 0.020833333333333336 0.04814814814814815
1 0.7465277777777778 0.8962962962962964 0.029166666666666667 0.044444444444444446
1 0.7111111111111111 0.8712962962962963 0.022222222222222223 0.05
1 0.9 0.5407407407407407 0.03333333333333333 0.02592592592592593
1 0.9256944444444445 0.7944444444444445 0.02638888888888889 0.022222222222222223
1 0.83125 1.125925925925926 0.015277777777777779 0.03333333333333333
1 0.4979166666666667 0.41203703703703703 0.02638888888888889 0.03888888888888889
1 0.5395833333333333 0.38703703703703707 0.0375 0.02962962962962963
1 0.7444444444444445 0.3675925925925926 0.022222222222222223 0.05
1 0.7006944444444445 0.1527777777777778 0.018055555555555557 0.03888888888888889
1 0.49930555555555556 0.8351851851851853 0.015277777777777779 0.03333333333333333
