1 0.9782608695652174 0.4180602006688963 0.030100334448160536 0.033444816053511704
1 0.8327759197324415 0.4180602006688963 0.020066889632107024 0.05351170568561873
1 0.8411371237458194 0.46822742474916385 0.030100334448160536 0.033444816053511704
1 0.9046822742474916 0.5919732441471571 0.023411371237458192 0.026755852842809364
1 0.6187290969899666 0.6220735785953178 0.026755852842809364 0.026755852842809364
1 0.7525083612040133 0.5986622073578595 0.033444816053511704 0.020066889632107024
1 0.4899665551839465 0.4916387959866221 0.016722408026755852 0.06020066889632107
1 0.540133779264214 0.4531772575250836 0.030100334448160536 0.06354515050167224
1 0.41471571906354515 0.4816053511705686 0.026755852842809364 0.046822742474916385
1 0.12709030100334448 0.677257525083612 0.020066889632107024 0.030100334448160536
1 0.2608695652173913 0.7290969899665551 0.033444816053511704 0.026755852842809364
1 0.30267558528428096 0.7123745819397993 0.03678929765886287 0.026755852842809364
1 0.4297658862876254 0.4180602006688963 0.07692307692307693 0.06688963210702341
1 0.9648829431438127 0.31605351170568563 0.07023411371237458 0.056856187290969896
