1 0.3093645484949833 0.9933110367892977 0.030100334448160536 0.033444816053511704
1 0.43645484949832775 0.9214046822742474 0.030100334448160536 0.05016722408026756
1 0.40301003344481606 0.8812709030100334 0.030100334448160536 0.030100334448160536
1 0.28595317725752506 0.8060200668896321 0.023411371237458192 0.026755852842809364
1 0.5183946488294314 0.6354515050167224 0.026755852842809364 0.026755852842809364
1 0.41471571906354515 0.7240802675585284 0.033444816053511704 0.023411371237458192
1 0.6956521739130435 0.68561872909699 0.033444816053511704 0.05351170568561873
1 0.6722408026755853 0.7441471571906354 0.033444816053511704 0.056856187290969896
1 0.765886287625418 0.657190635451505 0.026755852842809364 0.043478260869565216
1 0.9163879598662207 0.342809364548495 0.020066889632107024 0.030100334448160536
1 0.7759197324414716 0.36454849498327757 0.033444816053511704 0.026755852842809364
1 0.7474916387959866 0.4013377926421405 0.03678929765886287 0.026755852842809364
1 0.7842809364548495 0.7190635451505016 0.07023411371237458 0.06020066889632107
1 0.3729096989966555 1.0735785953177257 0.06354515050167224 0.05351170568561873
