1 0.5551839464882943 1.1187290969899666 0.033444816053511704 0.030100334448160536
1 0.6053511705685619 0.9816053511705686 0.05351170568561873 0.023411371237458192
1 0.5535117056856187 0.9715719063545151 0.03678929765886287 0.030100334448160536
1 0.41638795986622074 0.9899665551839465 0.030100334448160536 0.026755852842809364
1 0.48494983277591974 0.7107023411371237 0.026755852842809364 0.030100334448160536
1 0.4615384615384615 0.8444816053511706 0.020066889632107024 0.03678929765886287
1 0.6521739130434783 0.6337792642140468 0.06020066889632107 0.023411371237458192
1 0.6705685618729097 0.6939799331103679 0.06354515050167224 0.030100334448160536
1 0.6872909698996655 0.5668896321070234 0.05016722408026756 0.030100334448160536
1 0.6020066889632107 0.22909698996655517 0.033444816053511704 0.023411371237458192
1 0.5066889632107023 0.3377926421404682 0.030100334448160536 0.033444816053511704
1 0.5083612040133779 0.382943143812709 0.026755852842809364 0.03678929765886287
1 0.7424749163879598 0.6036789297658863 0.06688963210702341 0.07692307692307693
1 0.6538461538461539 1.140468227424749 0.056856187290969896 0.06688963210702341
