1 0.8511705685618729 0.22909698996655517 0.030100334448160536 0.030100334448160536
1 0.7775919732441472 0.3528428093645485 0.05016722408026756 0.030100334448160536
1 0.8260869565217391 0.3729096989966555 0.033444816053511704 0.030100334448160536
1 0.9665551839464883 0.37959866220735783 0.026755852842809364 0.023411371237458192
1 0.8494983277591973 0.6421404682274248 0.026755852842809364 0.026755852842809364
1 0.8946488294314381 0.5133779264214047 0.023411371237458192 0.030100334448160536
1 0.6705685618729097 0.6889632107023411 0.056856187290969896 0.033444816053511704
1 0.6622073578595318 0.6254180602006689 0.06020066889632107 0.033444816053511704
1 0.6237458193979933 0.7491638795986622 0.043478260869565216 0.026755852842809364
1 0.6505016722408027 1.0936454849498327 0.030100334448160536 0.020066889632107024
1 0.7625418060200668 1.0050167224080266 0.026755852842809364 0.030100334448160536
1 0.7692307692307692 0.959866220735786 0.026755852842809364 0.033444816053511704
1 0.5769230769230769 0.7040133779264214 0.06354515050167224 0.07023411371237458
1 0.7558528428093645 0.18896321070234112 0.05351170568561873 0.06354515050167224
