0 0.6908333333333334 0.252112676056338 0.065 0.09859154929577466
0 0.7441666666666668 0.8084507042253521 0.05166666666666667 0.13521126760563382
0 0.805 0.8619718309859156 0.05 0.09014084507042254
0 0.7466666666666667 1.219718309859155 0.03333333333333333 0.09577464788732395
0 0.7341666666666667 1.0760563380281691 0.028333333333333335 0.04507042253521127
0 0.67 1.087323943661972 0.030000000000000002 0.04507042253521127
0 0.6041666666666667 0.7028169014084508 0.035 0.07605633802816902
0 0.6225 0.30563380281690145 0.021666666666666667 0.036619718309859155
0 0.6291666666666667 1.2563380281690142 0.065 0.11830985915492959
0 0.5941666666666667 1.1211267605633803 0.055 0.12394366197183099
0 0.5983333333333334 0.976056338028169 0.060000000000000005 0.09859154929577466
0 0.52 0.7408450704225352 0.04 0.056338028169014086
0 0.5 0.9408450704225353 0.08666666666666667 0.1295774647887324
0 0.4091666666666667 0.7338028169014085 0.14833333333333334 0.23380281690140847
0 0.32666666666666666 1.043661971830986 0.04 0.09295774647887324
0 0.2341666666666667 1.1309859154929578 0.07500000000000001 0.16056338028169015
0 0.27083333333333337 1.3464788732394366 0.045000000000000005 0.11267605633802817
0 0.43583333333333335 1.2732394366197184 0.06166666666666667 0.06760563380281691
0 0.27416666666666667 1.5112676056338028 0.035 0.09295774647887324
0 0.3541666666666667 1.4070422535211269 0.06166666666666667 0.13802816901408452
0 0.4841666666666667 1.5338028169014086 0.265 0.46478873239436624
