1 0.07200000000000001 0.7220588235294118 0.044 0.06764705882352941
1 0.136 0.9808823529411764 0.064 0.03823529411764706
1 0.242 0.20294117647058824 0.036000000000000004 0.08235294117647059
1 0.313 0.08823529411764705 0.03 0.08823529411764705
1 0.498 0.225 0.032 0.07941176470588235
1 0.552 0.3220588235294118 0.032 0.07941176470588235
1 0.742 0.45588235294117646 0.036000000000000004 0.08235294117647059
1 0.838 0.18823529411764706 0.028 0.09411764705882353
1 0.843 0.3735294117647059 0.054 0.058823529411764705
1 0.86 0.4632352941176471 0.036000000000000004 0.07352941176470588
1 0.8260000000000001 0.5411764705882353 0.048 0.052941176470588235
1 0.739 0.6779411764705883 0.038 0.07941176470588235
1 0.783 0.6470588235294118 0.034 0.07058823529411765
1 0.8320000000000001 0.6205882352941177 0.04 0.07058823529411765
1 0.8250000000000001 0.6691176470588235 0.042 0.07941176470588235
1 0.464 0.8191176470588235 0.032 0.044117647058823525
1 0.47900000000000004 0.8617647058823529 0.026000000000000002 0.029411764705882353
1 0.534 0.9073529411764706 0.056 0.026470588235294117
1 0.6910000000000001 0.9558823529411764 0.042 0.041176470588235294
1 0.756 0.9044117647058824 0.024 0.061764705882352944
1 0.603 0.7691176470588236 0.034 0.020588235294117647
1 0.561 0.8029411764705883 0.03 0.029411764705882353
1 0.658 0.8073529411764706 0.024 0.026470588235294117
