1 0.292 0.3856655290102389 0.036000000000000004 0.07508532423208192
1 0.4 0.30204778156996587 0.04 0.05802047781569966
1 0.781 0.4658703071672355 0.054 0.023890784982935155
1 0.8300000000000001 0.5068259385665529 0.052000000000000005 0.04436860068259386
1 0.381 0.6467576791808873 0.05 0.030716723549488054
1 0.41000000000000003 0.6996587030716723 0.052000000000000005 0.040955631399317405
1 0.625 0.825938566552901 0.046 0.05460750853242321
1 0.47500000000000003 0.6450511945392492 0.022 0.08873720136518772
1 0.508 0.5580204778156996 0.024 0.06484641638225257
1 0.618 0.48976109215017066 0.02 0.05802047781569966
1 0.649 0.5102389078498294 0.042 0.023890784982935155
1 0.643 0.5494880546075085 0.022 0.04778156996587031
1 0.648 0.6160409556313994 0.02 0.07849829351535836
1 0.65 0.6860068259385665 0.032 0.04778156996587031
1 0.543 0.4709897610921502 0.046 0.027303754266211604
1 0.543 0.5017064846416383 0.038 0.040955631399317405
1 0.493 0.48976109215017066 0.058 0.07167235494880546
1 0.71 0.5597269624573379 0.048 0.034129692832764506
